0 0.35205078125 0.21348684210526317 0.0029296875 0.007236842105263158
1 0.594482421875 0.24111842105263157 0.01513671875 0.07302631578947369
1 0.546142578125 0.1944078947368421 0.00927734375 0.04013157894736842
1 0.091064453125 0.29342105263157897 0.021728515625 0.12236842105263158
1 0.31982421875 0.2042763157894737 0.017333984375 0.06644736842105263
1 0.346435546875 0.19013157894736843 0.012939453125 0.05526315789473684
1 0.35888671875 0.20986842105263157 0.01220703125 0.06578947368421052
1 0.366455078125 0.19736842105263158 0.010986328125 0.05394736842105263
1 0.406005859375 0.18881578947368421 0.015625 0.04473684210526316
1 0.419677734375 0.2013157894736842 0.01220703125 0.05
1 0.463134765625 0.2019736842105263 0.0107421875 0.05263157894736842
1 0.471435546875 0.19046052631578947 0.008544921875 0.045394736842105265
1 0.4140625 0.18322368421052632 0.0107421875 0.04144736842105263