0 0.3154296875 0.2430921052631579 0.005859375 0.009868421052631578
1 0.103271484375 0.32532894736842105 0.031494140625 0.1375
1 0.350830078125 0.19967105263157894 0.015869140625 0.05855263157894737
1 0.385986328125 0.2036184210526316 0.014892578125 0.0625
1 0.405029296875 0.19506578947368422 0.013427734375 0.057236842105263155
1 0.42578125 0.18289473684210528 0.01025390625 0.04473684210526316
1 0.44580078125 0.19671052631578947 0.011474609375 0.04736842105263158
1 0.4521484375 0.19835526315789473 0.011474609375 0.05592105263157895
1 0.48583984375 0.21282894736842106 0.01416015625 0.0625
1 0.49267578125 0.18980263157894736 0.006591796875 0.045394736842105265
1 0.515380859375 0.20032894736842105 0.0107421875 0.0506578947368421
1 0.5693359375 0.19539473684210526 0.0078125 0.039473684210526314
1 0.638427734375 0.22894736842105262 0.01220703125 0.05526315789473684