0 0.2451171875 0.28519736842105264 0.0078125 0.01381578947368421
1 0.08740234375 0.3305921052631579 0.028564453125 0.1506578947368421
1 0.3212890625 0.20953947368421053 0.014892578125 0.06776315789473684
1 0.36572265625 0.20953947368421053 0.013427734375 0.06644736842105263
1 0.399169921875 0.18388157894736842 0.011474609375 0.04671052631578947
1 0.40576171875 0.1980263157894737 0.012939453125 0.060526315789473685
1 0.43701171875 0.19901315789473684 0.012939453125 0.04802631578947368
1 0.4501953125 0.2026315789473684 0.014892578125 0.056578947368421055
1 0.4873046875 0.21578947368421053 0.016357421875 0.06710526315789474
1 0.516357421875 0.2026315789473684 0.0107421875 0.05131578947368421
1 0.47802734375 0.18881578947368421 0.011474609375 0.046052631578947366
1 0.641845703125 0.23157894736842105 0.013671875 0.05789473684210526
1 0.5751953125 0.19572368421052633 0.0078125 0.03881578947368421