0 0.0986328125 0.39276315789473687 0.010009765625 0.018421052631578946
1 0.075927734375 0.3358552631578947 0.03662109375 0.15328947368421053
1 0.279052734375 0.2256578947368421 0.0166015625 0.07631578947368421
1 0.35546875 0.22236842105263158 0.014892578125 0.07631578947368421
1 0.35693359375 0.1825657894736842 0.010986328125 0.030921052631578946
1 0.390869140625 0.20164473684210527 0.01171875 0.05592105263157895
1 0.41748046875 0.2019736842105263 0.016357421875 0.060526315789473685
1 0.467529296875 0.20921052631578949 0.014404296875 0.05263157894736842
1 0.49853515625 0.23092105263157894 0.017822265625 0.06710526315789474
1 0.474609375 0.19078947368421054 0.00927734375 0.04868421052631579
1 0.524658203125 0.2069078947368421 0.010986328125 0.05460526315789474
1 0.65087890625 0.23848684210526316 0.0126953125 0.05986842105263158
1 0.579345703125 0.1980263157894737 0.0078125 0.03289473684210526