0 0.08203125 0.3950657894736842 0.009521484375 0.017763157894736842
1 0.066650390625 0.3417763157894737 0.026611328125 0.1611842105263158
1 0.28125 0.225 0.017333984375 0.07631578947368421
1 0.423583984375 0.20098684210526316 0.012939453125 0.05986842105263158
1 0.35400390625 0.22730263157894737 0.014404296875 0.07960526315789473
1 0.36767578125 0.2075657894736842 0.012939453125 0.0625
1 0.353271484375 0.18717105263157896 0.011474609375 0.03355263157894737
1 0.47802734375 0.19111842105263158 0.010009765625 0.049342105263157895
1 0.484375 0.21677631578947368 0.012939453125 0.05592105263157895
1 0.516845703125 0.24210526315789474 0.01806640625 0.08157894736842106
1 0.536376953125 0.2138157894736842 0.01220703125 0.05789473684210526
1 0.580078125 0.19572368421052633 0.0078125 0.0375
1 0.654541015625 0.24342105263157895 0.013427734375 0.05131578947368421