0 0.083251953125 0.39342105263157895 0.009521484375 0.017105263157894738
1 0.061279296875 0.3430921052631579 0.046142578125 0.1506578947368421
1 0.282470703125 0.21907894736842104 0.01513671875 0.07236842105263158
1 0.353759765625 0.23355263157894737 0.0166015625 0.08157894736842106
1 0.360595703125 0.21677631578947368 0.0126953125 0.06644736842105263
1 0.364990234375 0.2013157894736842 0.010986328125 0.060526315789473685
1 0.427978515625 0.1993421052631579 0.011474609375 0.05789473684210526
1 0.492919921875 0.22598684210526315 0.01416015625 0.06776315789473684
1 0.485107421875 0.19407894736842105 0.009521484375 0.05131578947368421
1 0.53369140625 0.25296052631578947 0.017822265625 0.09144736842105264
1 0.550537109375 0.22302631578947368 0.0166015625 0.056578947368421055
1 0.5810546875 0.19506578947368422 0.0087890625 0.03881578947368421
1 0.66015625 0.24276315789473685 0.01708984375 0.060526315789473685