0 0.62744140625 0.25296052631578947 0.0048828125 0.009868421052631578
1 0.23583984375 0.3707236842105263 0.046630859375 0.1980263157894737
1 0.504638671875 0.24671052631578946 0.017333984375 0.0881578947368421
1 0.5029296875 0.20625 0.009521484375 0.053289473684210525
1 0.563232421875 0.22631578947368422 0.013427734375 0.05131578947368421
1 0.561279296875 0.20328947368421052 0.0087890625 0.038157894736842106
1 0.590576171875 0.22171052631578947 0.010986328125 0.05263157894736842
1 0.60400390625 0.20065789473684212 0.00927734375 0.03684210526315789
1 0.63623046875 0.25263157894736843 0.0224609375 0.075
1 0.67333984375 0.2657894736842105 0.01171875 0.07631578947368421
1 0.689453125 0.25263157894736843 0.019287109375 0.05921052631578947
1 0.677978515625 0.24144736842105263 0.010009765625 0.05789473684210526