0 0.087646484375 0.3736842105263158 0.0087890625 0.017105263157894738
1 0.04638671875 0.33223684210526316 0.034423828125 0.14605263157894738
1 0.285888671875 0.21677631578947368 0.015625 0.07039473684210526
1 0.35205078125 0.23848684210526316 0.015625 0.0875
1 0.34375 0.22401315789473683 0.012939453125 0.07434210526315789
1 0.373779296875 0.20657894736842106 0.015869140625 0.06315789473684211
1 0.428466796875 0.1993421052631579 0.0107421875 0.05789473684210526
1 0.496826171875 0.2332236842105263 0.013671875 0.0756578947368421
1 0.493896484375 0.19473684210526315 0.010009765625 0.04868421052631579
1 0.537841796875 0.21414473684210528 0.010986328125 0.049342105263157895
1 0.542236328125 0.2723684210526316 0.023681640625 0.10263157894736842
1 0.579833984375 0.19572368421052633 0.008056640625 0.03881578947368421
1 0.662841796875 0.24243421052631578 0.01220703125 0.06381578947368421