0 0.089599609375 0.3592105263157895 0.0078125 0.015789473684210527
1 0.056640625 0.31875 0.0302734375 0.1375
1 0.29150390625 0.21348684210526317 0.018798828125 0.06644736842105263
1 0.382080078125 0.2082236842105263 0.01708984375 0.06776315789473684
1 0.346435546875 0.24243421052631578 0.015869140625 0.09013157894736842
1 0.33544921875 0.23092105263157894 0.01416015625 0.08157894736842106
1 0.421630859375 0.2 0.014892578125 0.05789473684210526
1 0.4951171875 0.24407894736842106 0.020751953125 0.08289473684210526
1 0.54150390625 0.2845394736842105 0.02587890625 0.11907894736842105
1 0.51611328125 0.22006578947368421 0.013671875 0.06118421052631579
1 0.503662109375 0.1944078947368421 0.0087890625 0.04407894736842105
1 0.662353515625 0.24638157894736842 0.01171875 0.05986842105263158
1 0.578857421875 0.19671052631578947 0.007080078125 0.039473684210526314