0 0.158447265625 0.3046052631578947 0.008544921875 0.015789473684210527
1 0.07080078125 0.30296052631578946 0.029296875 0.1256578947368421
1 0.295166015625 0.21052631578947367 0.01416015625 0.06315789473684211
1 0.33349609375 0.24671052631578946 0.014892578125 0.09342105263157895
1 0.32958984375 0.2375 0.015869140625 0.08289473684210526
1 0.391357421875 0.21447368421052632 0.012939453125 0.06842105263157895
1 0.40771484375 0.2 0.011474609375 0.05921052631578947
1 0.48828125 0.2601973684210526 0.023681640625 0.09276315789473684
1 0.485595703125 0.21447368421052632 0.01416015625 0.06447368421052632
1 0.513916015625 0.2 0.010009765625 0.05131578947368421
1 0.575927734375 0.19703947368421051 0.009521484375 0.03881578947368421
1 0.532958984375 0.30296052631578946 0.025146484375 0.12434210526315789
1 0.658203125 0.24572368421052632 0.01220703125 0.06118421052631579