0 0.24072265625 0.25 0.005126953125 0.009210526315789473
1 0.061767578125 0.2967105263157895 0.026611328125 0.11973684210526316
1 0.2822265625 0.20888157894736842 0.0185546875 0.06118421052631579
1 0.3095703125 0.2523026315789474 0.016357421875 0.09671052631578947
1 0.330322265625 0.24901315789473685 0.01806640625 0.08881578947368421
1 0.376708984375 0.2019736842105263 0.01513671875 0.05789473684210526
1 0.407470703125 0.21611842105263157 0.013671875 0.07039473684210526
1 0.448974609375 0.21513157894736842 0.010986328125 0.06578947368421052
1 0.5263671875 0.20394736842105263 0.01171875 0.05394736842105263
1 0.570556640625 0.19638157894736843 0.0078125 0.03881578947368421
1 0.472412109375 0.275 0.01953125 0.10526315789473684
1 0.488037109375 0.3115131578947368 0.040283203125 0.1361842105263158