0 0.262451171875 0.23782894736842106 0.0048828125 0.008552631578947369
1 0.05615234375 0.29407894736842105 0.022216796875 0.11842105263157894
1 0.27099609375 0.20921052631578949 0.0185546875 0.06184210526315789
1 0.30224609375 0.2509868421052632 0.018798828125 0.09671052631578947
1 0.3388671875 0.20296052631578948 0.02294921875 0.05986842105263158
1 0.349609375 0.2506578947368421 0.02392578125 0.07894736842105263
1 0.41015625 0.22006578947368421 0.02294921875 0.06644736842105263
1 0.43115234375 0.2131578947368421 0.01171875 0.06842105263157895
1 0.46923828125 0.27269736842105263 0.016357421875 0.10986842105263157
1 0.45361328125 0.30723684210526314 0.03662109375 0.13815789473684212
1 0.532958984375 0.20592105263157895 0.01171875 0.05394736842105263
1 0.56494140625 0.19671052631578947 0.0078125 0.04078947368421053
1 0.632568359375 0.23914473684210527 0.017333984375 0.06644736842105263