0 0.26708984375 0.23684210526315788 0.0048828125 0.007894736842105263
1 0.05517578125 0.2950657894736842 0.025146484375 0.11776315789473685
1 0.27001953125 0.21217105263157895 0.01708984375 0.05986842105263158
1 0.2998046875 0.21085526315789474 0.01416015625 0.05197368421052632
1 0.302978515625 0.2444078947368421 0.0166015625 0.09013157894736842
1 0.369873046875 0.23684210526315788 0.022216796875 0.08157894736842106
1 0.3779296875 0.21907894736842104 0.02294921875 0.07105263157894737
1 0.41796875 0.2131578947368421 0.017333984375 0.06578947368421052
1 0.41796875 0.30032894736842103 0.032958984375 0.1361842105263158
1 0.4599609375 0.26973684210526316 0.023681640625 0.10526315789473684
1 0.5361328125 0.20855263157894738 0.01171875 0.05526315789473684
1 0.560546875 0.19605263157894737 0.0078125 0.04078947368421053
1 0.625732421875 0.23651315789473684 0.013427734375 0.06513157894736842