0 0.3408203125 0.20657894736842106 0.007080078125 0.011842105263157895
1 0.308349609375 0.23980263157894738 0.015625 0.0861842105263158
1 0.277099609375 0.21118421052631578 0.01171875 0.05921052631578947
1 0.288330078125 0.20986842105263157 0.011474609375 0.06184210526315789
1 0.392333984375 0.29375 0.023681640625 0.13355263157894737
1 0.39453125 0.22335526315789472 0.016357421875 0.04407894736842105
1 0.408935546875 0.2138157894736842 0.01171875 0.06578947368421052
1 0.052001953125 0.2993421052631579 0.015869140625 0.12236842105263158
1 0.453369140625 0.2654605263157895 0.028076171875 0.09802631578947368
1 0.537841796875 0.21052631578947367 0.0126953125 0.05789473684210526
1 0.55517578125 0.19572368421052633 0.0087890625 0.04144736842105263
1 0.620849609375 0.23519736842105263 0.012939453125 0.06644736842105263
1 0.341064453125 0.22171052631578947 0.013427734375 0.06710526315789474