0 0.4248046875 0.24671052631578946 0.007080078125 0.014473684210526316
1 0.06884765625 0.3042763157894737 0.031005859375 0.11513157894736842
1 0.36474609375 0.28980263157894737 0.035888671875 0.11907894736842105
1 0.4345703125 0.26151315789473684 0.01708984375 0.10592105263157894
1 0.32373046875 0.23717105263157895 0.01513671875 0.07828947368421052
1 0.411376953125 0.23651315789473684 0.01513671875 0.07828947368421052
1 0.306884765625 0.2292763157894737 0.014404296875 0.07039473684210526
1 0.279052734375 0.21513157894736842 0.017333984375 0.04868421052631579
1 0.297119140625 0.20723684210526316 0.011474609375 0.06315789473684211
1 0.417724609375 0.2118421052631579 0.010009765625 0.06315789473684211
1 0.545166015625 0.21414473684210528 0.01171875 0.05986842105263158
1 0.55322265625 0.19539473684210526 0.008056640625 0.04078947368421053
1 0.624755859375 0.23651315789473684 0.012939453125 0.06644736842105263