1 0.6279296875 0.24013157894736842 0.01416015625 0.06710526315789474
1 0.558349609375 0.22006578947368421 0.011474609375 0.0625
1 0.553955078125 0.19638157894736843 0.009521484375 0.04276315789473684
1 0.282470703125 0.24736842105263157 0.020263671875 0.08289473684210526
1 0.3076171875 0.24802631578947368 0.018798828125 0.09210526315789473
1 0.306884765625 0.1980263157894737 0.013427734375 0.04473684210526316
1 0.277587890625 0.21282894736842106 0.0166015625 0.053289473684210525
1 0.41455078125 0.27072368421052634 0.04296875 0.1006578947368421
1 0.435546875 0.26513157894736844 0.025146484375 0.1
1 0.436279296875 0.2069078947368421 0.01025390625 0.049342105263157895
1 0.07275390625 0.32467105263157897 0.032470703125 0.14802631578947367
1 0.417724609375 0.24572368421052632 0.013671875 0.07039473684210526