0 0.4931640625 0.29967105263157895 0.007080078125 0.01381578947368421
1 0.556640625 0.19671052631578947 0.01025390625 0.042105263157894736
1 0.572265625 0.22697368421052633 0.012939453125 0.06710526315789474
1 0.626953125 0.24375 0.01513671875 0.06907894736842106
1 0.4697265625 0.2700657894736842 0.0302734375 0.09407894736842105
1 0.48876953125 0.26973684210526316 0.025634765625 0.0881578947368421
1 0.0986328125 0.3513157894736842 0.03466796875 0.16842105263157894
1 0.29345703125 0.2730263157894737 0.03515625 0.11052631578947368
1 0.280517578125 0.20855263157894738 0.014404296875 0.060526315789473685
1 0.300048828125 0.26875 0.025634765625 0.10723684210526316
1 0.3076171875 0.21151315789473685 0.01416015625 0.0625
1 0.418701171875 0.24638157894736842 0.01708984375 0.06776315789473684
1 0.458740234375 0.21907894736842104 0.01806640625 0.06315789473684211