0 0.565185546875 0.22730263157894737 0.004150390625 0.008552631578947369
1 0.171142578125 0.3730263157894737 0.0361328125 0.1986842105263158
1 0.500732421875 0.24375 0.01708984375 0.08355263157894736
1 0.51025390625 0.20657894736842106 0.011474609375 0.05131578947368421
1 0.55712890625 0.20460526315789473 0.012939453125 0.04342105263157895
1 0.60888671875 0.24407894736842106 0.02099609375 0.07105263157894737
1 0.5888671875 0.23289473684210527 0.017822265625 0.06184210526315789
1 0.5810546875 0.21611842105263157 0.010986328125 0.053289473684210525
1 0.595703125 0.2 0.0078125 0.038157894736842106
1 0.6748046875 0.2625 0.012939453125 0.07105263157894737
1 0.6611328125 0.2348684210526316 0.012939453125 0.056578947368421055
1 0.661376953125 0.22861842105263158 0.0107421875 0.049342105263157895