0 0.482421875 0.25723684210526315 0.005615234375 0.010526315789473684
1 0.091552734375 0.34671052631578947 0.03076171875 0.16447368421052633
1 0.343994140625 0.27203947368421055 0.0244140625 0.1125
1 0.337890625 0.26710526315789473 0.0322265625 0.10657894736842105
1 0.30224609375 0.22105263157894736 0.01416015625 0.07894736842105263
1 0.31884765625 0.2125 0.02001953125 0.06578947368421052
1 0.3759765625 0.25493421052631576 0.023193359375 0.09407894736842105
1 0.458984375 0.24243421052631578 0.028076171875 0.08355263157894736
1 0.44970703125 0.23585526315789473 0.0185546875 0.0756578947368421
1 0.48681640625 0.22039473684210525 0.015869140625 0.06578947368421052
1 0.58203125 0.2444078947368421 0.020263671875 0.07697368421052632
1 0.557373046875 0.19736842105263158 0.010986328125 0.042105263157894736
1 0.591064453125 0.21776315789473685 0.007080078125 0.04078947368421053