1 0.27392578125 0.22631578947368422 0.023193359375 0.07763157894736843
1 0.29736328125 0.25953947368421054 0.020751953125 0.10197368421052631
1 0.3154296875 0.26776315789473687 0.021484375 0.10263157894736842
1 0.342529296875 0.21019736842105263 0.012939453125 0.06776315789473684
1 0.366943359375 0.2582236842105263 0.023193359375 0.09539473684210527
1 0.396728515625 0.22894736842105262 0.015869140625 0.075
1 0.083251953125 0.34638157894736843 0.0244140625 0.17039473684210527
1 0.551513671875 0.24046052631578949 0.0185546875 0.07960526315789473
1 0.557373046875 0.19177631578947368 0.010986328125 0.030921052631578946
1 0.605224609375 0.23026315789473684 0.01806640625 0.06447368421052632
1 0.4697265625 0.22796052631578947 0.017822265625 0.06907894736842106
1 0.4765625 0.21973684210526315 0.015869140625 0.06184210526315789