0 0.437744140625 0.2394736842105263 0.005615234375 0.009210526315789473
1 0.07763671875 0.35625 0.02880859375 0.16513157894736843
1 0.248046875 0.22730263157894737 0.011474609375 0.07828947368421052
1 0.282958984375 0.25592105263157894 0.019287109375 0.09736842105263158
1 0.302490234375 0.25493421052631576 0.017822265625 0.09407894736842105
1 0.353515625 0.25394736842105264 0.021484375 0.0881578947368421
1 0.345703125 0.21217105263157895 0.0107421875 0.06513157894736842
1 0.37841796875 0.22532894736842105 0.01513671875 0.0756578947368421
1 0.452880859375 0.22039473684210525 0.014404296875 0.06184210526315789
1 0.5302734375 0.2388157894736842 0.022216796875 0.07763157894736843
1 0.44775390625 0.21513157894736842 0.01953125 0.056578947368421055
1 0.55712890625 0.19638157894736843 0.0107421875 0.04144736842105263
1 0.619140625 0.23157894736842105 0.014892578125 0.06184210526315789