0 0.406982421875 0.23519736842105263 0.0048828125 0.008552631578947369
1 0.073974609375 0.35460526315789476 0.0361328125 0.16578947368421051
1 0.22998046875 0.22828947368421051 0.01025390625 0.08026315789473684
1 0.279296875 0.2546052631578947 0.016357421875 0.1
1 0.288330078125 0.24638157894736842 0.015869140625 0.09013157894736842
1 0.34130859375 0.24276315789473685 0.020751953125 0.08026315789473684
1 0.34423828125 0.21282894736842106 0.014892578125 0.06381578947368421
1 0.37841796875 0.22532894736842105 0.021484375 0.07302631578947369
1 0.427490234375 0.21348684210526317 0.0126953125 0.06513157894736842
1 0.418701171875 0.20986842105263157 0.01416015625 0.05526315789473684
1 0.513427734375 0.23717105263157895 0.021728515625 0.08092105263157895
1 0.5576171875 0.19736842105263158 0.0107421875 0.042105263157894736
1 0.626220703125 0.23355263157894737 0.016357421875 0.06184210526315789