0 0.3935546875 0.22631578947368422 0.0048828125 0.007894736842105263
1 0.052001953125 0.34638157894736843 0.03955078125 0.15723684210526315
1 0.200439453125 0.22861842105263158 0.015625 0.07828947368421052
1 0.279296875 0.23651315789473684 0.0126953125 0.0875
1 0.287109375 0.21611842105263157 0.013671875 0.06907894736842106
1 0.345458984375 0.25 0.02587890625 0.09473684210526316
1 0.36474609375 0.20625 0.0107421875 0.057236842105263155
1 0.37109375 0.20625 0.018798828125 0.053289473684210525
1 0.386474609375 0.20657894736842106 0.0185546875 0.056578947368421055
1 0.4130859375 0.22236842105263158 0.02001953125 0.06578947368421052
1 0.472900390625 0.23453947368421052 0.015869140625 0.08486842105263158
1 0.54736328125 0.19736842105263158 0.01025390625 0.038157894736842106
1 0.61279296875 0.22861842105263158 0.0126953125 0.0506578947368421