1 0.544677734375 0.19572368421052633 0.008056640625 0.03618421052631579
1 0.530029296875 0.20230263157894737 0.014404296875 0.0506578947368421
1 0.07666015625 0.33453947368421055 0.028564453125 0.15328947368421053
1 0.2451171875 0.22203947368421054 0.019287109375 0.0756578947368421
1 0.326171875 0.2305921052631579 0.020751953125 0.08223684210526316
1 0.3095703125 0.2049342105263158 0.009521484375 0.06118421052631579
1 0.40380859375 0.24473684210526317 0.0244140625 0.0881578947368421
1 0.419189453125 0.19078947368421054 0.0107421875 0.046052631578947366
1 0.4482421875 0.20559210526315788 0.014892578125 0.0506578947368421
1 0.486328125 0.2292763157894737 0.016357421875 0.0756578947368421
1 0.480224609375 0.20625 0.01220703125 0.057236842105263155
1 0.438720703125 0.20032894736842105 0.013671875 0.0506578947368421