0 0.46044921875 0.2049342105263158 0.0029296875 0.0059210526315789476
1 0.0966796875 0.3243421052631579 0.03076171875 0.15
1 0.27685546875 0.21776315789473685 0.017333984375 0.07368421052631578
1 0.3359375 0.2013157894736842 0.01220703125 0.05921052631578947
1 0.360595703125 0.22401315789473683 0.01171875 0.07828947368421052
1 0.44091796875 0.24210526315789474 0.02392578125 0.08552631578947369
1 0.45556640625 0.18881578947368421 0.006591796875 0.038157894736842106
1 0.475341796875 0.19506578947368422 0.014892578125 0.049342105263157895
1 0.484130859375 0.19572368421052633 0.013427734375 0.04802631578947368
1 0.510986328125 0.1868421052631579 0.009521484375 0.02631578947368421
1 0.510498046875 0.22697368421052633 0.0166015625 0.07105263157894737
1 0.520263671875 0.1993421052631579 0.01025390625 0.04736842105263158
1 0.552734375 0.19671052631578947 0.008544921875 0.03684210526315789