0 0.548095703125 0.21052631578947367 0.002197265625 0.003947368421052632
1 0.0986328125 0.33322368421052634 0.028076171875 0.15855263157894736
1 0.298828125 0.2026315789473684 0.0185546875 0.06315789473684211
1 0.392333984375 0.20723684210526316 0.0126953125 0.06447368421052632
1 0.465576171875 0.1986842105263158 0.01171875 0.05131578947368421
1 0.476318359375 0.18782894736842104 0.01025390625 0.04407894736842105
1 0.51806640625 0.19671052631578947 0.01025390625 0.035526315789473684
1 0.5234375 0.22138157894736843 0.018798828125 0.06644736842105263
1 0.560546875 0.1944078947368421 0.00927734375 0.03881578947368421
1 0.588134765625 0.2194078947368421 0.01513671875 0.057236842105263155
1 0.61767578125 0.2355263157894737 0.01416015625 0.060526315789473685
1 0.625732421875 0.21480263157894736 0.006591796875 0.045394736842105265