0 0.465087890625 0.20394736842105263 0.00341796875 0.006578947368421052
1 0.0986328125 0.32302631578947366 0.032958984375 0.15
1 0.294189453125 0.2138157894736842 0.0166015625 0.06973684210526315
1 0.36083984375 0.20032894736842105 0.018798828125 0.05197368421052632
1 0.390625 0.22335526315789472 0.017333984375 0.06907894736842106
1 0.469482421875 0.24013157894736842 0.014404296875 0.08421052631578947
1 0.465087890625 0.18782894736842104 0.013671875 0.03618421052631579
1 0.490478515625 0.19703947368421051 0.010986328125 0.04013157894736842
1 0.49951171875 0.19078947368421054 0.00927734375 0.035526315789473684
1 0.510986328125 0.19703947368421051 0.01025390625 0.04144736842105263
1 0.52783203125 0.22269736842105264 0.0126953125 0.06907894736842106
1 0.541259765625 0.19736842105263158 0.007080078125 0.04342105263157895
1 0.546875 0.19473684210526315 0.00634765625 0.03289473684210526