1 0.32373046875 0.22960526315789473 0.01953125 0.05131578947368421
1 0.349609375 0.2779605263157895 0.01806640625 0.05986842105263158
1 0.427978515625 0.21973684210526315 0.01171875 0.075
1 0.188720703125 0.31085526315789475 0.023681640625 0.1493421052631579
1 0.51025390625 0.19638157894736843 0.00634765625 0.04802631578947368
1 0.514892578125 0.22861842105263158 0.013671875 0.06907894736842106
1 0.5390625 0.2138157894736842 0.012939453125 0.05789473684210526
1 0.551513671875 0.20526315789473684 0.0107421875 0.05
1 0.607177734375 0.22598684210526315 0.01513671875 0.05986842105263158
1 0.625244140625 0.225 0.014404296875 0.05131578947368421
1 0.65576171875 0.2325657894736842 0.010986328125 0.05197368421052632