0 0.35205078125 0.2236842105263158 0.005126953125 0.007894736842105263
1 0.1650390625 0.3348684210526316 0.041015625 0.16052631578947368
1 0.330078125 0.2082236842105263 0.023193359375 0.05592105263157895
1 0.364013671875 0.20855263157894738 0.024658203125 0.05789473684210526
1 0.4052734375 0.18947368421052632 0.021484375 0.05131578947368421
1 0.431396484375 0.1875 0.00927734375 0.04736842105263158
1 0.48046875 0.18947368421052632 0.0078125 0.04473684210526316
1 0.5205078125 0.2194078947368421 0.0166015625 0.05592105263157895
1 0.568115234375 0.225 0.01513671875 0.06315789473684211
1 0.568115234375 0.1986842105263158 0.0107421875 0.039473684210526314
1 0.60400390625 0.22269736842105264 0.01220703125 0.05197368421052632
1 0.630859375 0.21907894736842104 0.010986328125 0.04736842105263158