0 0.252685546875 0.24703947368421053 0.00634765625 0.009868421052631578
1 0.107666015625 0.3361842105263158 0.045166015625 0.14868421052631578
1 0.28466796875 0.22039473684210525 0.02099609375 0.06447368421052632
1 0.307861328125 0.21447368421052632 0.020263671875 0.06184210526315789
1 0.359375 0.19046052631578947 0.013427734375 0.05592105263157895
1 0.3984375 0.1930921052631579 0.0107421875 0.04802631578947368
1 0.419677734375 0.18914473684210525 0.010986328125 0.04802631578947368
1 0.45703125 0.23026315789473684 0.017333984375 0.07368421052631578
1 0.485107421875 0.19144736842105264 0.009521484375 0.04736842105263158
1 0.55517578125 0.22763157894736843 0.014892578125 0.06710526315789474
1 0.568115234375 0.19901315789473684 0.010986328125 0.04013157894736842
1 0.59228515625 0.2236842105263158 0.0107421875 0.05526315789473684
1 0.626953125 0.22006578947368421 0.010986328125 0.049342105263157895