0 0.201416015625 0.2638157894736842 0.00634765625 0.010526315789473684
1 0.072509765625 0.35098684210526315 0.056884765625 0.1361842105263158
1 0.22607421875 0.22828947368421051 0.0185546875 0.07236842105263158
1 0.26904296875 0.2299342105263158 0.024658203125 0.0756578947368421
1 0.34423828125 0.19276315789473683 0.015869140625 0.05526315789473684
1 0.391845703125 0.19769736842105262 0.011474609375 0.053289473684210525
1 0.408447265625 0.18947368421052632 0.012939453125 0.04868421052631579
1 0.417236328125 0.23980263157894738 0.021728515625 0.08486842105263158
1 0.484130859375 0.1924342105263158 0.009521484375 0.04802631578947368
1 0.5498046875 0.2305921052631579 0.015869140625 0.07039473684210526
1 0.568115234375 0.19901315789473684 0.010986328125 0.04013157894736842
1 0.585693359375 0.2236842105263158 0.011474609375 0.05789473684210526
1 0.623291015625 0.22072368421052632 0.0107421875 0.0506578947368421