1 0.113037109375 0.3269736842105263 0.040283203125 0.15526315789473685
1 0.388671875 0.20460526315789473 0.013427734375 0.06184210526315789
1 0.467041015625 0.19769736842105262 0.0126953125 0.0506578947368421
1 0.478515625 0.18717105263157896 0.009521484375 0.04276315789473684
1 0.51318359375 0.21875 0.01806640625 0.06513157894736842
1 0.511962890625 0.18552631578947368 0.005615234375 0.039473684210526314
1 0.52734375 0.19703947368421051 0.013427734375 0.04144736842105263
0 0.559326171875 0.21217105263157895 0.002685546875 0.004605263157894736
1 0.55908203125 0.19638157894736843 0.011474609375 0.034868421052631576
1 0.5849609375 0.21743421052631579 0.01220703125 0.05592105263157895
1 0.619140625 0.2355263157894737 0.010986328125 0.05921052631578947
1 0.62939453125 0.21611842105263157 0.006591796875 0.045394736842105265
1 0.2939453125 0.20164473684210527 0.01025390625 0.06381578947368421