1 0.02490234375 0.37664473684210525 0.041015625 0.16907894736842105
1 0.28271484375 0.25493421052631576 0.018798828125 0.07828947368421052
1 0.28125 0.21151315789473685 0.020263671875 0.06644736842105263
1 0.302490234375 0.2756578947368421 0.03466796875 0.10921052631578948
1 0.354736328125 0.20065789473684212 0.01171875 0.05921052631578947
1 0.31005859375 0.21282894736842106 0.02099609375 0.03618421052631579
1 0.4296875 0.28289473684210525 0.033203125 0.10657894736842105
1 0.49609375 0.26710526315789473 0.021728515625 0.10394736842105264
1 0.447021484375 0.1980263157894737 0.01025390625 0.05789473684210526
1 0.5712890625 0.2 0.008056640625 0.04078947368421053
1 0.59716796875 0.23157894736842105 0.013671875 0.06710526315789474