0 0.36181640625 0.2243421052631579 0.004150390625 0.007894736842105263
1 0.046875 0.32171052631578945 0.03369140625 0.13815789473684212
1 0.296142578125 0.24013157894736842 0.01806640625 0.09078947368421053
1 0.285888671875 0.20789473684210527 0.01171875 0.06710526315789474
1 0.33349609375 0.20559210526315788 0.01513671875 0.06118421052631579
1 0.369873046875 0.1993421052631579 0.016357421875 0.05526315789473684
1 0.399169921875 0.22039473684210525 0.012939453125 0.06973684210526315
1 0.423583984375 0.26052631578947366 0.020263671875 0.10789473684210527
1 0.43408203125 0.19835526315789473 0.0107421875 0.049342105263157895
1 0.47509765625 0.2546052631578947 0.020263671875 0.09473684210526316
1 0.49609375 0.21085526315789474 0.01220703125 0.05197368421052632
1 0.534423828125 0.2138157894736842 0.013427734375 0.060526315789473685
1 0.559326171875 0.19473684210526315 0.007080078125 0.038157894736842106