0 0.582763671875 0.23223684210526316 0.003662109375 0.007894736842105263
1 0.211181640625 0.3036184210526316 0.022216796875 0.1506578947368421
1 0.4873046875 0.2 0.01025390625 0.04868421052631579
1 0.486083984375 0.1868421052631579 0.0078125 0.042105263157894736
1 0.53564453125 0.24046052631578949 0.01806640625 0.07960526315789473
1 0.5576171875 0.2138157894736842 0.02294921875 0.056578947368421055
1 0.591064453125 0.21414473684210528 0.010986328125 0.04802631578947368
1 0.6025390625 0.22171052631578947 0.010986328125 0.05526315789473684
1 0.60009765625 0.20328947368421052 0.007080078125 0.042105263157894736
1 0.650634765625 0.24769736842105264 0.01025390625 0.06381578947368421
1 0.6865234375 0.2555921052631579 0.013671875 0.0625
1 0.674560546875 0.22631578947368422 0.01171875 0.04473684210526316
1 0.658203125 0.22730263157894737 0.0078125 0.0506578947368421