0 0.358642578125 0.2578947368421053 0.008056640625 0.011842105263157895
1 0.161865234375 0.32401315789473684 0.03955078125 0.1388157894736842
1 0.3193359375 0.22171052631578947 0.028564453125 0.06447368421052632
1 0.41845703125 0.2256578947368421 0.02099609375 0.05921052631578947
1 0.439453125 0.18585526315789475 0.0087890625 0.04671052631578947
1 0.445556640625 0.20230263157894737 0.014404296875 0.05460526315789474
1 0.46923828125 0.21151315789473685 0.0107421875 0.06118421052631579
1 0.482421875 0.2299342105263158 0.013671875 0.07039473684210526
1 0.5361328125 0.20986842105263157 0.0126953125 0.05789473684210526
1 0.554443359375 0.24243421052631578 0.020263671875 0.06513157894736842
1 0.548095703125 0.19375 0.00732421875 0.04013157894736842
1 0.584716796875 0.22894736842105262 0.0185546875 0.06447368421052632
1 0.59814453125 0.21085526315789474 0.010009765625 0.04802631578947368