0 0.213134765625 0.28388157894736843 0.008056640625 0.0125
1 0.097900390625 0.31217105263157896 0.028564453125 0.12828947368421054
1 0.21533203125 0.23453947368421052 0.0244140625 0.06644736842105263
1 0.318115234375 0.2355263157894737 0.016357421875 0.07631578947368421
1 0.42578125 0.2026315789473684 0.015869140625 0.05789473684210526
1 0.434326171875 0.1868421052631579 0.00927734375 0.04736842105263158
1 0.448486328125 0.24736842105263157 0.01708984375 0.08947368421052632
1 0.469970703125 0.2519736842105263 0.03369140625 0.08157894736842106
1 0.455810546875 0.2069078947368421 0.0107421875 0.049342105263157895
1 0.52197265625 0.20986842105263157 0.015869140625 0.05789473684210526
1 0.54541015625 0.19276315789473683 0.008544921875 0.039473684210526314
1 0.58056640625 0.23157894736842105 0.014892578125 0.06842105263157895
1 0.593017578125 0.21019736842105263 0.010009765625 0.049342105263157895