0 0.28955078125 0.26842105263157895 0.00732421875 0.010526315789473684
1 0.12841796875 0.3279605263157895 0.032958984375 0.1401315789473684
1 0.27294921875 0.22401315789473683 0.02734375 0.0625
1 0.376953125 0.22894736842105262 0.0224609375 0.06710526315789474
1 0.436767578125 0.2026315789473684 0.01171875 0.05526315789473684
1 0.438232421875 0.17467105263157895 0.00732421875 0.024342105263157894
1 0.4619140625 0.2131578947368421 0.010986328125 0.06184210526315789
1 0.468505859375 0.2375 0.01171875 0.07236842105263158
1 0.51708984375 0.2444078947368421 0.014892578125 0.07302631578947369
1 0.5302734375 0.20953947368421053 0.0126953125 0.05855263157894737
1 0.5458984375 0.1930921052631579 0.00732421875 0.04013157894736842
1 0.58349609375 0.2305921052631579 0.0126953125 0.06776315789473684
1 0.595703125 0.21085526315789474 0.00927734375 0.04802631578947368