0 0.6376953125 0.23914473684210527 0.0029296875 0.0059210526315789476
1 0.167236328125 0.31085526315789475 0.024658203125 0.14671052631578949
1 0.29541015625 0.1924342105263158 0.006591796875 0.07171052631578947
1 0.421142578125 0.2036184210526316 0.00927734375 0.05986842105263158
1 0.49365234375 0.19046052631578947 0.010986328125 0.04407894736842105
1 0.51416015625 0.20296052631578948 0.013427734375 0.04802631578947368
1 0.521240234375 0.18947368421052632 0.00927734375 0.03684210526315789
1 0.521484375 0.21743421052631579 0.017822265625 0.0625
1 0.59033203125 0.20164473684210527 0.008056640625 0.03881578947368421
1 0.59716796875 0.21348684210526317 0.01025390625 0.04144736842105263
1 0.608154296875 0.22796052631578947 0.01806640625 0.05986842105263158
1 0.643798828125 0.21973684210526315 0.01025390625 0.04736842105263158
1 0.650390625 0.23684210526315788 0.013671875 0.05526315789473684