0 0.1279296875 0.30328947368421055 0.0087890625 0.013157894736842105
1 0.07470703125 0.29638157894736844 0.036865234375 0.10460526315789474
1 0.13720703125 0.25394736842105264 0.017822265625 0.08026315789473684
1 0.239990234375 0.25394736842105264 0.017822265625 0.08552631578947369
1 0.424072265625 0.2730263157894737 0.02294921875 0.09605263157894736
1 0.41552734375 0.2625 0.01806640625 0.10394736842105264
1 0.447998046875 0.21842105263157896 0.015869140625 0.060526315789473685
1 0.417236328125 0.19638157894736843 0.014404296875 0.04276315789473684
1 0.430908203125 0.18717105263157896 0.009521484375 0.04802631578947368
1 0.51416015625 0.21019736842105263 0.01416015625 0.05855263157894737
1 0.546142578125 0.1930921052631579 0.0078125 0.04013157894736842
1 0.58154296875 0.23519736842105263 0.013671875 0.07039473684210526
1 0.59033203125 0.21052631578947367 0.010009765625 0.05