1 0.022216796875 0.2970394736842105 0.020751953125 0.09013157894736842
1 0.123046875 0.30296052631578946 0.022216796875 0.11907894736842105
1 0.28173828125 0.31282894736842104 0.035888671875 0.13223684210526315
1 0.34765625 0.2957236842105263 0.023681640625 0.12960526315789472
1 0.41259765625 0.2236842105263158 0.01806640625 0.06710526315789474
1 0.39892578125 0.2042763157894737 0.0107421875 0.0625
1 0.42578125 0.18848684210526315 0.01025390625 0.049342105263157895
1 0.498046875 0.20921052631578949 0.01220703125 0.060526315789473685
1 0.546875 0.1930921052631579 0.01025390625 0.04013157894736842
1 0.57958984375 0.24144736842105263 0.014404296875 0.075
1 0.58935546875 0.2131578947368421 0.010009765625 0.05131578947368421