1 0.242919921875 0.225 0.019287109375 0.07105263157894737
1 0.306640625 0.225 0.014892578125 0.07105263157894737
1 0.112548828125 0.3171052631578947 0.03369140625 0.14342105263157895
1 0.441650390625 0.1825657894736842 0.008544921875 0.04013157894736842
1 0.473876953125 0.23355263157894737 0.018798828125 0.07763157894736843
1 0.5068359375 0.2026315789473684 0.015869140625 0.04736842105263158
1 0.513671875 0.19638157894736843 0.009521484375 0.04407894736842105
1 0.527099609375 0.2049342105263158 0.01513671875 0.053289473684210525
1 0.56787109375 0.2388157894736842 0.015869140625 0.06973684210526315
1 0.602294921875 0.21743421052631579 0.010009765625 0.04802631578947368
1 0.59912109375 0.20098684210526316 0.005859375 0.04013157894736842
1 0.652587890625 0.225 0.011474609375 0.04868421052631579