0 0.2421875 0.23453947368421052 0.00439453125 0.007236842105263158
1 0.046142578125 0.29835526315789473 0.0263671875 0.12039473684210526
1 0.2373046875 0.20657894736842106 0.016357421875 0.06315789473684211
1 0.3359375 0.22697368421052633 0.014404296875 0.07894736842105263
1 0.328369140625 0.19506578947368422 0.01171875 0.05855263157894737
1 0.4248046875 0.21348684210526317 0.014404296875 0.06644736842105263
1 0.440185546875 0.20592105263157895 0.0107421875 0.06315789473684211
1 0.498779296875 0.24868421052631579 0.021728515625 0.08947368421052632
1 0.431884765625 0.1986842105263158 0.010009765625 0.05394736842105263
1 0.43408203125 0.1805921052631579 0.005126953125 0.030921052631578946
1 0.55224609375 0.22664473684210526 0.01416015625 0.0625
1 0.559326171875 0.20657894736842106 0.00927734375 0.05131578947368421
1 0.55224609375 0.18947368421052632 0.0078125 0.035526315789473684