0 0.347412109375 0.2361842105263158 0.00634765625 0.009210526315789473
1 0.085693359375 0.2855263157894737 0.020751953125 0.11578947368421053
1 0.25830078125 0.2036184210526316 0.00927734375 0.0625
1 0.371826171875 0.22236842105263158 0.013671875 0.075
1 0.389892578125 0.20986842105263157 0.01171875 0.06710526315789474
1 0.421630859375 0.21546052631578946 0.01171875 0.06644736842105263
1 0.420654296875 0.17763157894736842 0.005615234375 0.02894736842105263
1 0.4462890625 0.2042763157894737 0.0126953125 0.05855263157894737
1 0.37451171875 0.19539473684210526 0.01025390625 0.060526315789473685
1 0.537841796875 0.24539473684210528 0.013427734375 0.08421052631578947
1 0.524169921875 0.22532894736842105 0.015869140625 0.06381578947368421
1 0.530029296875 0.1924342105263158 0.0048828125 0.03355263157894737
1 0.55078125 0.1930921052631579 0.0087890625 0.04013157894736842