0 0.596435546875 0.4105263157894737 0.00732421875 0.009868421052631578
1 0.306396484375 0.3868421052631579 0.0224609375 0.06513157894736842
1 0.374755859375 0.36973684210526314 0.01708984375 0.05756578947368421
1 0.4091796875 0.3868421052631579 0.018310546875 0.05986842105263158
1 0.446044921875 0.36282894736842103 0.012939453125 0.05197368421052632
1 0.4560546875 0.3592105263157895 0.01416015625 0.04802631578947368
1 0.510009765625 0.3513157894736842 0.015625 0.044407894736842105
1 0.51708984375 0.39671052631578946 0.033447265625 0.08388157894736842
1 0.546630859375 0.3674342105263158 0.020263671875 0.058223684210526316
1 0.684326171875 0.32302631578947366 0.011474609375 0.03190789473684211
1 0.713623046875 0.34407894736842104 0.019775390625 0.05493421052631579