1 0.332763671875 0.37532894736842104 0.018798828125 0.06184210526315789
1 0.44677734375 0.4098684210526316 0.020751953125 0.08881578947368421
1 0.493408203125 0.3769736842105263 0.01611328125 0.06513157894736842
1 0.509033203125 0.36776315789473685 0.012939453125 0.058881578947368424
1 0.512451171875 0.3473684210526316 0.015625 0.0430921052631579
1 0.589111328125 0.3730263157894737 0.0166015625 0.06677631578947368
1 0.57275390625 0.3549342105263158 0.01513671875 0.055592105263157894
0 0.57666015625 0.3805921052631579 0.005126953125 0.008223684210526315
1 0.63720703125 0.35657894736842105 0.01611328125 0.060526315789473685
1 0.5830078125 0.34769736842105264 0.010009765625 0.04506578947368421
1 0.727294921875 0.3348684210526316 0.01416015625 0.04868421052631579
1 0.69140625 0.32302631578947366 0.010986328125 0.033223684210526315