0 0.79638671875 0.3506578947368421 0.004150390625 0.005592105263157895
1 0.34130859375 0.3868421052631579 0.0244140625 0.0694078947368421
1 0.457275390625 0.35230263157894737 0.019775390625 0.01875
1 0.49658203125 0.37236842105263157 0.019287109375 0.06381578947368421
1 0.609130859375 0.3335526315789474 0.010009765625 0.04375
1 0.6201171875 0.33980263157894736 0.010009765625 0.04638157894736842
1 0.6396484375 0.35789473684210527 0.012451171875 0.060526315789473685
1 0.66455078125 0.34539473684210525 0.012451171875 0.0506578947368421
1 0.695556640625 0.32861842105263156 0.010009765625 0.0375
1 0.702392578125 0.3226973684210526 0.0087890625 0.035526315789473684
1 0.72265625 0.3394736842105263 0.01708984375 0.05
1 0.806396484375 0.33157894736842103 0.012939453125 0.04638157894736842