0 0.466064453125 0.2779605263157895 0.00927734375 0.01644736842105263
1 0.283935546875 0.30756578947368424 0.0361328125 0.12302631578947368
1 0.32421875 0.25526315789473686 0.01953125 0.1013157894736842
1 0.345703125 0.24868421052631579 0.0224609375 0.08157894736842106
1 0.364990234375 0.20526315789473684 0.01171875 0.06184210526315789
1 0.389892578125 0.22236842105263158 0.01806640625 0.07631578947368421
1 0.44921875 0.2766447368421053 0.022216796875 0.10723684210526316
1 0.474853515625 0.21973684210526315 0.0126953125 0.06710526315789474
1 0.501953125 0.23125 0.014892578125 0.07434210526315789
1 0.494873046875 0.1993421052631579 0.0087890625 0.05263157894736842
1 0.55859375 0.19769736842105262 0.011474609375 0.04013157894736842