1 0.155029296875 0.24276315789473685 0.017333984375 0.08157894736842106
1 0.200439453125 0.2125 0.009521484375 0.06447368421052632
0 0.225830078125 0.22796052631578947 0.004150390625 0.008552631578947369
1 0.275146484375 0.23026315789473684 0.014892578125 0.08289473684210526
1 0.337890625 0.22861842105263158 0.018798828125 0.08223684210526316
1 0.334228515625 0.1924342105263158 0.013427734375 0.057236842105263155
1 0.3857421875 0.20625 0.014892578125 0.06907894736842106
1 0.391845703125 0.18421052631578946 0.00927734375 0.05131578947368421
1 0.43408203125 0.1993421052631579 0.01171875 0.05394736842105263
1 0.50537109375 0.23190789473684212 0.015869140625 0.0756578947368421
1 0.57666015625 0.1930921052631579 0.008544921875 0.0375
1 0.59521484375 0.21151315789473685 0.011474609375 0.05197368421052632