1 0.0634765625 0.36085526315789473 0.03076171875 0.1625
1 0.262939453125 0.2305921052631579 0.013427734375 0.0861842105263158
0 0.3740234375 0.26875 0.0078125 0.0125
1 0.42578125 0.24243421052631578 0.0166015625 0.07960526315789473
1 0.385986328125 0.20526315789473684 0.015625 0.06578947368421052
1 0.4150390625 0.2082236842105263 0.014404296875 0.0625
1 0.458984375 0.22072368421052632 0.016357421875 0.07960526315789473
1 0.501708984375 0.2243421052631579 0.013671875 0.06578947368421052
1 0.498779296875 0.19638157894736843 0.011474609375 0.0506578947368421
1 0.53857421875 0.2019736842105263 0.010986328125 0.05131578947368421
1 0.556396484375 0.2723684210526316 0.018798828125 0.1
1 0.58642578125 0.19506578947368422 0.008544921875 0.0375
1 0.62451171875 0.22697368421052633 0.01171875 0.06315789473684211