1 0.05859375 0.5319078947368421 0.066162109375 0.15822368421052632
1 0.133544921875 0.4463815789473684 0.041259765625 0.09868421052631579
1 0.109375 0.4098684210526316 0.02490234375 0.07763157894736843
0 0.157958984375 0.48092105263157897 0.010986328125 0.013157894736842105
1 0.322998046875 0.4141447368421053 0.03955078125 0.09506578947368421
1 0.342529296875 0.3924342105263158 0.03076171875 0.06118421052631579
1 0.3291015625 0.3861842105263158 0.0146484375 0.0375
1 0.63623046875 0.47598684210526315 0.042236328125 0.15756578947368421
1 0.56787109375 0.43125 0.02978515625 0.11677631578947369
1 0.41650390625 0.425 0.027587890625 0.09309210526315789
1 0.415283203125 0.37105263157894736 0.01513671875 0.039473684210526314
1 0.595947265625 0.35427631578947366 0.0166015625 0.05
1 0.690185546875 0.3200657894736842 0.010498046875 0.034868421052631576