1 0.794189453125 0.4105263157894737 0.050048828125 0.11513157894736842
1 0.720458984375 0.33223684210526316 0.0087890625 0.04638157894736842
1 0.790771484375 0.3256578947368421 0.01611328125 0.0430921052631579
1 0.607177734375 0.33421052631578946 0.012451171875 0.035526315789473684
1 0.63232421875 0.3325657894736842 0.010498046875 0.0375
1 0.662353515625 0.34342105263157896 0.0087890625 0.04802631578947368
1 0.656005859375 0.31973684210526315 0.0068359375 0.03256578947368421
1 0.385009765625 0.37006578947368424 0.020751953125 0.05986842105263158
1 0.459228515625 0.3513157894736842 0.018310546875 0.018092105263157895
1 0.47705078125 0.38552631578947366 0.02490234375 0.0694078947368421
1 0.04150390625 0.5226973684210526 0.0693359375 0.11052631578947368