0 0.246337890625 0.4532894736842105 0.00927734375 0.011842105263157895
1 0.16748046875 0.47598684210526315 0.035888671875 0.12697368421052632
1 0.250244140625 0.42598684210526316 0.03173828125 0.08125
1 0.32763671875 0.39013157894736844 0.020751953125 0.058223684210526316
1 0.348388671875 0.3924342105263158 0.034423828125 0.05131578947368421
1 0.464111328125 0.4901315789473684 0.043701171875 0.15986842105263158
1 0.487548828125 0.4351973684210526 0.02197265625 0.10361842105263158
1 0.5751953125 0.35723684210526313 0.01513671875 0.05756578947368421
1 0.0302734375 0.5059210526315789 0.059326171875 0.14638157894736842
1 0.025634765625 0.42532894736842103 0.03955078125 0.07697368421052632
1 0.151123046875 0.44967105263157897 0.017822265625 0.1006578947368421
1 0.701904296875 0.3207236842105263 0.010986328125 0.034868421052631576