1 0.025634765625 0.3773026315789474 0.04296875 0.1611842105263158
1 0.247314453125 0.25296052631578947 0.02880859375 0.09276315789473684
1 0.310546875 0.20460526315789473 0.013427734375 0.06842105263157895
1 0.3828125 0.20986842105263157 0.01708984375 0.06710526315789474
1 0.423095703125 0.19177631578947368 0.0126953125 0.0506578947368421
1 0.458984375 0.21710526315789475 0.017822265625 0.06447368421052632
1 0.50048828125 0.19769736842105262 0.013671875 0.04671052631578947
1 0.51611328125 0.22894736842105262 0.0263671875 0.08026315789473684
1 0.533935546875 0.21282894736842106 0.015869140625 0.05460526315789474
1 0.563232421875 0.22302631578947368 0.014892578125 0.05789473684210526
1 0.58251953125 0.2131578947368421 0.013427734375 0.042105263157894736
1 0.593505859375 0.19473684210526315 0.008056640625 0.034210526315789476
0 0.574951171875 0.24473684210526317 0.0048828125 0.009210526315789473