1 0.525634765625 0.3736842105263158 0.0146484375 0.06381578947368421
1 0.61376953125 0.34407894736842104 0.011962890625 0.04802631578947368
1 0.57177734375 0.33223684210526316 0.010498046875 0.03388157894736842
1 0.665283203125 0.36776315789473685 0.018310546875 0.0700657894736842
1 0.674072265625 0.3450657894736842 0.012451171875 0.05263157894736842
1 0.68408203125 0.3194078947368421 0.010009765625 0.03190789473684211
1 0.734375 0.32401315789473684 0.011474609375 0.035526315789473684
1 0.763427734375 0.3263157894736842 0.0146484375 0.0430921052631579
1 0.781494140625 0.3338815789473684 0.01708984375 0.05
1 0.802978515625 0.3444078947368421 0.0234375 0.054276315789473686
0 0.72900390625 0.3394736842105263 0.003662109375 0.006907894736842105