0 0.77783203125 0.4664473684210526 0.011962890625 0.014473684210526316
1 0.292724609375 0.40032894736842106 0.020751953125 0.0756578947368421
1 0.4326171875 0.36644736842105263 0.018310546875 0.06184210526315789
1 0.453369140625 0.3796052631578947 0.021240234375 0.06184210526315789
1 0.46533203125 0.36447368421052634 0.012939453125 0.054276315789473686
1 0.490478515625 0.3575657894736842 0.01611328125 0.05
1 0.587646484375 0.35625 0.018310546875 0.04868421052631579
1 0.601806640625 0.37236842105263157 0.019287109375 0.06513157894736842
1 0.681396484375 0.325 0.011962890625 0.030592105263157896
1 0.68359375 0.40888157894736843 0.03271484375 0.10427631578947369
1 0.73779296875 0.34671052631578947 0.0224609375 0.05756578947368421