0 0.115478515625 0.3730263157894737 0.008544921875 0.015789473684210527
1 0.09375 0.3263157894736842 0.025634765625 0.13157894736842105
1 0.112060546875 0.2792763157894737 0.02734375 0.0993421052631579
1 0.2158203125 0.22828947368421051 0.021728515625 0.07894736842105263
1 0.29443359375 0.3 0.021484375 0.13157894736842105
1 0.319091796875 0.29342105263157897 0.026611328125 0.13289473684210526
1 0.39990234375 0.23223684210526316 0.014404296875 0.060526315789473685
1 0.44091796875 0.21282894736842106 0.0126953125 0.0625
1 0.4765625 0.2582236842105263 0.018798828125 0.09407894736842105
1 0.493408203125 0.23914473684210527 0.022216796875 0.0875
1 0.50244140625 0.2394736842105263 0.012939453125 0.08026315789473684
1 0.5166015625 0.2789473684210526 0.02294921875 0.04342105263157895