1 0.098876953125 0.3338815789473684 0.031494140625 0.14802631578947367
1 0.217041015625 0.27039473684210524 0.014892578125 0.10263157894736842
1 0.226806640625 0.21644736842105264 0.014404296875 0.06578947368421052
1 0.26171875 0.22138157894736843 0.0185546875 0.07171052631578947
1 0.310791015625 0.23190789473684212 0.020263671875 0.08355263157894736
1 0.373779296875 0.2542763157894737 0.0244140625 0.10328947368421053
1 0.388427734375 0.21348684210526317 0.016357421875 0.06513157894736842
1 0.415771484375 0.22335526315789472 0.01953125 0.0625
0 0.4208984375 0.2569078947368421 0.005859375 0.009868421052631578
1 0.48291015625 0.25164473684210525 0.02880859375 0.08223684210526316
1 0.49658203125 0.19967105263157894 0.014404296875 0.053289473684210525
1 0.53125 0.24111842105263157 0.01953125 0.06513157894736842
1 0.585693359375 0.20394736842105263 0.01416015625 0.042105263157894736