0 0.576416015625 0.5799342105263158 0.01708984375 0.02368421052631579
1 0.5390625 0.5019736842105263 0.051025390625 0.16940789473684212
1 0.601318359375 0.42598684210526316 0.033935546875 0.1118421052631579
1 0.7138671875 0.4674342105263158 0.04736328125 0.15822368421052632
1 0.688720703125 0.3848684210526316 0.0244140625 0.07763157894736843
1 0.515625 0.37467105263157896 0.020751953125 0.06184210526315789
1 0.483154296875 0.3707236842105263 0.021240234375 0.058223684210526316
1 0.492431640625 0.3638157894736842 0.019287109375 0.04736842105263158
1 0.471923828125 0.36019736842105265 0.013427734375 0.0506578947368421
1 0.739990234375 0.36282894736842103 0.02197265625 0.06875
1 0.688720703125 0.3226973684210526 0.010009765625 0.03256578947368421
1 0.293212890625 0.39671052631578946 0.026123046875 0.06743421052631579