0 0.32666015625 0.3325657894736842 0.00927734375 0.01644736842105263
1 0.11572265625 0.39407894736842103 0.043701171875 0.2118421052631579
1 0.33544921875 0.28519736842105264 0.035400390625 0.11381578947368422
1 0.327880859375 0.22171052631578947 0.015869140625 0.075
1 0.38916015625 0.21644736842105264 0.017822265625 0.07105263157894737
1 0.642822265625 0.3335526315789474 0.028076171875 0.1394736842105263
1 0.611083984375 0.2878289473684211 0.0166015625 0.10328947368421053
1 0.57763671875 0.24375 0.015625 0.07828947368421052
1 0.585693359375 0.2026315789473684 0.007080078125 0.042105263157894736
1 0.419189453125 0.3611842105263158 0.03515625 0.1723684210526316
1 0.4443359375 0.3069078947368421 0.030029296875 0.1361842105263158
1 0.484619140625 0.29638157894736844 0.0263671875 0.12171052631578948
1 0.4814453125 0.2565789473684211 0.02392578125 0.09736842105263158