1 0.454345703125 0.17796052631578949 0.008544921875 0.04013157894736842
1 0.4619140625 0.17927631578947367 0.005859375 0.04144736842105263
1 0.475830078125 0.22138157894736843 0.01220703125 0.06644736842105263
1 0.491943359375 0.19144736842105264 0.012939453125 0.046052631578947366
1 0.518798828125 0.19013157894736843 0.008056640625 0.042105263157894736
1 0.5224609375 0.20592105263157895 0.012939453125 0.05263157894736842
1 0.541748046875 0.1868421052631579 0.0087890625 0.035526315789473684
0 0.5537109375 0.2075657894736842 0.0029296875 0.007236842105263158
1 0.58935546875 0.2125 0.0107421875 0.05
1 0.60009765625 0.2049342105263158 0.007080078125 0.04276315789473684
1 0.64599609375 0.24243421052631578 0.015625 0.03881578947368421
1 0.681884765625 0.225 0.0087890625 0.046052631578947366