0 0.58837890625 0.4855263157894737 0.010986328125 0.015131578947368421
1 0.38623046875 0.44144736842105264 0.04638671875 0.11315789473684211
1 0.38671875 0.37993421052631576 0.010986328125 0.04736842105263158
1 0.4873046875 0.4052631578947368 0.028564453125 0.07697368421052632
1 0.582275390625 0.4453947368421053 0.044677734375 0.11315789473684211
1 0.51513671875 0.3769736842105263 0.028076171875 0.06118421052631579
1 0.458251953125 0.3519736842105263 0.017822265625 0.018092105263157895
1 0.658447265625 0.4026315789473684 0.03759765625 0.08190789473684211
1 0.690673828125 0.3236842105263158 0.013427734375 0.03618421052631579
1 0.213134765625 0.3960526315789474 0.02294921875 0.07138157894736842
1 0.017822265625 0.44013157894736843 0.034423828125 0.09013157894736842