0 0.167236328125 0.27960526315789475 0.005859375 0.010526315789473684
1 0.0576171875 0.31842105263157894 0.032958984375 0.10657894736842105
1 0.146728515625 0.25 0.017333984375 0.07894736842105263
1 0.177001953125 0.27039473684210524 0.015869140625 0.09078947368421053
1 0.18994140625 0.2532894736842105 0.01953125 0.06710526315789474
1 0.195556640625 0.2381578947368421 0.01513671875 0.06842105263157895
1 0.245361328125 0.22203947368421054 0.0166015625 0.07434210526315789
1 0.337646484375 0.21677631578947368 0.010986328125 0.07302631578947369
1 0.44580078125 0.24736842105263157 0.01806640625 0.09473684210526316
1 0.501953125 0.21217105263157895 0.013427734375 0.0625
1 0.543212890625 0.26052631578947366 0.029541015625 0.0881578947368421
1 0.588623046875 0.2730263157894737 0.015869140625 0.09868421052631579
1 0.585205078125 0.2036184210526316 0.011474609375 0.04276315789473684