0 0.802001953125 0.3368421052631579 0.005126953125 0.006907894736842105
1 0.07373046875 0.49835526315789475 0.057861328125 0.1355263157894737
1 0.384033203125 0.36282894736842103 0.011962890625 0.05493421052631579
1 0.466552734375 0.39572368421052634 0.034423828125 0.07927631578947368
1 0.47802734375 0.3638157894736842 0.015625 0.055592105263157894
1 0.5126953125 0.35 0.01708984375 0.04736842105263158
1 0.5693359375 0.36907894736842106 0.0302734375 0.05756578947368421
1 0.623291015625 0.34111842105263157 0.01513671875 0.0430921052631579
1 0.634033203125 0.35460526315789476 0.01708984375 0.05361842105263158
1 0.658935546875 0.33223684210526316 0.00927734375 0.039473684210526314
1 0.672607421875 0.3427631578947368 0.01611328125 0.0506578947368421
1 0.70068359375 0.31973684210526315 0.010986328125 0.03388157894736842
1 0.80029296875 0.3381578947368421 0.0380859375 0.05263157894736842