1 0.051513671875 0.32171052631578945 0.035888671875 0.11447368421052631
0 0.0166015625 0.4105263157894737 0.01025390625 0.019736842105263157
1 0.188720703125 0.2957236842105263 0.021484375 0.12039473684210526
1 0.159912109375 0.24769736842105264 0.025634765625 0.08881578947368421
1 0.355712890625 0.31546052631578947 0.0517578125 0.12434210526315789
1 0.40576171875 0.25592105263157894 0.021728515625 0.10657894736842105
1 0.371337890625 0.21414473684210528 0.017822265625 0.07302631578947369
1 0.382568359375 0.20657894736842106 0.0107421875 0.06842105263157895
1 0.577392578125 0.35789473684210527 0.0302734375 0.15921052631578947
1 0.575439453125 0.24144736842105263 0.014892578125 0.08026315789473684
1 0.5146484375 0.20460526315789473 0.010009765625 0.05394736842105263
1 0.5849609375 0.19407894736842105 0.0078125 0.039473684210526314