0 0.4287109375 0.20921052631578949 0.006591796875 0.010526315789473684
1 0.231201171875 0.30625 0.035400390625 0.14671052631578949
1 0.42724609375 0.2131578947368421 0.02392578125 0.07368421052631578
1 0.43798828125 0.19210526315789472 0.010986328125 0.05131578947368421
1 0.474365234375 0.21611842105263157 0.012939453125 0.06381578947368421
1 0.50341796875 0.21677631578947368 0.0126953125 0.06381578947368421
1 0.489013671875 0.1881578947368421 0.008056640625 0.04078947368421053
1 0.5234375 0.19210526315789472 0.0078125 0.04342105263157895
1 0.5712890625 0.20888157894736842 0.0126953125 0.04671052631578947
1 0.59912109375 0.20559210526315788 0.008056640625 0.04144736842105263
1 0.6064453125 0.22269736842105264 0.01220703125 0.05592105263157895
1 0.650146484375 0.2348684210526316 0.0126953125 0.05526315789473684
1 0.68701171875 0.23125 0.010009765625 0.04671052631578947