0 0.3623046875 0.275 0.00634765625 0.010526315789473684
1 0.093017578125 0.3460526315789474 0.0263671875 0.16447368421052633
1 0.234375 0.28125 0.023193359375 0.09671052631578947
1 0.197998046875 0.23157894736842105 0.015869140625 0.075
1 0.282470703125 0.24177631578947367 0.014892578125 0.09276315789473684
1 0.2783203125 0.2325657894736842 0.013671875 0.08355263157894736
1 0.347900390625 0.26151315789473684 0.023681640625 0.08092105263157895
1 0.386474609375 0.25263157894736843 0.02587890625 0.08289473684210526
1 0.3974609375 0.21973684210526315 0.01416015625 0.07105263157894737
1 0.46923828125 0.24342105263157895 0.019287109375 0.08947368421052632
1 0.524658203125 0.20723684210526316 0.01171875 0.056578947368421055
1 0.5771484375 0.2723684210526316 0.01953125 0.09210526315789473
1 0.5859375 0.2042763157894737 0.013671875 0.04144736842105263