1 0.4560546875 0.4049342105263158 0.036865234375 0.07631578947368421
1 0.39892578125 0.37763157894736843 0.020751953125 0.058223684210526316
1 0.3701171875 0.38026315789473686 0.0234375 0.058881578947368424
1 0.38427734375 0.3631578947368421 0.0166015625 0.04868421052631579
1 0.531005859375 0.36447368421052634 0.01416015625 0.05690789473684211
1 0.63232421875 0.4108552631578947 0.02392578125 0.10493421052631578
1 0.605712890625 0.3743421052631579 0.0302734375 0.0625
1 0.573974609375 0.35328947368421054 0.015625 0.05493421052631579
1 0.52001953125 0.35427631578947366 0.01416015625 0.04013157894736842
1 0.716064453125 0.3483552631578947 0.018798828125 0.05756578947368421
1 0.66943359375 0.3256578947368421 0.0087890625 0.03190789473684211