1 0.37646484375 0.4819078947368421 0.03955078125 0.14868421052631578
1 0.29541015625 0.4506578947368421 0.02197265625 0.1069078947368421
1 0.385009765625 0.41217105263157894 0.03955078125 0.06611842105263158
1 0.417236328125 0.3960526315789474 0.0166015625 0.07993421052631579
1 0.417236328125 0.3736842105263158 0.017822265625 0.05131578947368421
1 0.53564453125 0.42467105263157895 0.034912109375 0.09638157894736842
1 0.6689453125 0.44375 0.0380859375 0.1180921052631579
1 0.64599609375 0.40032894736842106 0.0244140625 0.07434210526315789
1 0.575927734375 0.36447368421052634 0.017822265625 0.034868421052631576
1 0.64013671875 0.36151315789473687 0.0146484375 0.04638157894736842
1 0.696044921875 0.3223684210526316 0.010986328125 0.03618421052631579
0 0.560791015625 0.44342105263157894 0.0087890625 0.013157894736842105