1 0.442138671875 0.18717105263157896 0.01220703125 0.049342105263157895
1 0.459228515625 0.18289473684210528 0.010986328125 0.04473684210526316
1 0.465576171875 0.1707236842105263 0.006591796875 0.03223684210526316
1 0.484130859375 0.21546052631578946 0.013427734375 0.06381578947368421
1 0.50048828125 0.2042763157894737 0.013427734375 0.05592105263157895
1 0.5146484375 0.19572368421052633 0.008544921875 0.049342105263157895
1 0.534423828125 0.18486842105263157 0.00732421875 0.03684210526315789
1 0.556884765625 0.20723684210526316 0.014404296875 0.05131578947368421
1 0.581298828125 0.20394736842105263 0.0087890625 0.04473684210526316
1 0.62548828125 0.20921052631578949 0.01171875 0.042105263157894736
1 0.65380859375 0.22796052631578947 0.013427734375 0.049342105263157895