0 0.219970703125 0.3819078947368421 0.009521484375 0.017763157894736842
1 0.1689453125 0.3292763157894737 0.022216796875 0.1388157894736842
1 0.28955078125 0.22138157894736843 0.0126953125 0.07434210526315789
1 0.315673828125 0.22730263157894737 0.015869140625 0.07828947368421052
1 0.30908203125 0.20164473684210527 0.013671875 0.06118421052631579
1 0.414794921875 0.2444078947368421 0.0224609375 0.0875
1 0.429443359375 0.20394736842105263 0.01171875 0.060526315789473685
1 0.48681640625 0.25855263157894737 0.013671875 0.09473684210526316
1 0.552490234375 0.19671052631578947 0.0087890625 0.04078947368421053
1 0.5576171875 0.24144736842105263 0.015625 0.07894736842105263
1 0.5712890625 0.21414473684210528 0.0107421875 0.04276315789473684
1 0.568115234375 0.27730263157894736 0.0166015625 0.10328947368421053
1 0.704833984375 0.26217105263157897 0.015625 0.06118421052631579