1 0.44482421875 0.3963815789473684 0.018798828125 0.07927631578947368
1 0.424560546875 0.36644736842105263 0.0146484375 0.05493421052631579
1 0.56005859375 0.33881578947368424 0.01708984375 0.04572368421052632
1 0.58447265625 0.33519736842105263 0.00927734375 0.038157894736842106
1 0.575927734375 0.32960526315789473 0.00927734375 0.03125
1 0.646728515625 0.36085526315789473 0.01611328125 0.06743421052631579
1 0.6748046875 0.3358552631578947 0.012939453125 0.039473684210526314
1 0.731201171875 0.3460526315789474 0.019775390625 0.058881578947368424
1 0.704345703125 0.3338815789473684 0.01416015625 0.0430921052631579
1 0.675048828125 0.32861842105263156 0.00830078125 0.034868421052631576
1 0.698486328125 0.3203947368421053 0.00830078125 0.03125