0 0.41259765625 0.5128289473684211 0.013427734375 0.01611842105263158
1 0.287353515625 0.4664473684210526 0.03271484375 0.12697368421052632
1 0.506591796875 0.4388157894736842 0.050537109375 0.09440789473684211
1 0.43896484375 0.3782894736842105 0.026123046875 0.06184210526315789
1 0.456298828125 0.35230263157894737 0.018798828125 0.017434210526315788
1 0.550048828125 0.36019736842105265 0.017822265625 0.049342105263157895
1 0.645751953125 0.3726973684210526 0.020751953125 0.06743421052631579
1 0.671142578125 0.4042763157894737 0.03271484375 0.09572368421052632
1 0.6728515625 0.34407894736842104 0.012451171875 0.049342105263157895
1 0.706787109375 0.47598684210526315 0.060302734375 0.15888157894736843
1 0.755615234375 0.36151315789473687 0.02294921875 0.0700657894736842
1 0.698974609375 0.3194078947368421 0.012451171875 0.033223684210526315