0 0.07177734375 0.38552631578947366 0.008056640625 0.015789473684210527
1 0.057373046875 0.32894736842105265 0.021484375 0.125
1 0.11279296875 0.27861842105263157 0.02734375 0.10197368421052631
1 0.21875 0.22532894736842105 0.01513671875 0.0756578947368421
1 0.263427734375 0.3223684210526316 0.038818359375 0.05394736842105263
1 0.2685546875 0.3082236842105263 0.033935546875 0.10592105263157894
1 0.399169921875 0.23585526315789473 0.015869140625 0.05197368421052632
1 0.41943359375 0.26644736842105265 0.026611328125 0.10263157894736842
1 0.43701171875 0.20953947368421053 0.012939453125 0.06381578947368421
1 0.4951171875 0.2338815789473684 0.015869140625 0.07960526315789473
1 0.5185546875 0.2598684210526316 0.01806640625 0.08157894736842106
1 0.5439453125 0.24967105263157896 0.01513671875 0.08223684210526316
1 0.6435546875 0.23980263157894738 0.0166015625 0.06118421052631579