0 0.828369140625 0.35230263157894737 0.003662109375 0.004934210526315789
1 0.43310546875 0.36151315789473687 0.0078125 0.05493421052631579
1 0.60595703125 0.33782894736842106 0.010986328125 0.04375
1 0.625 0.3684210526315789 0.019775390625 0.06875
1 0.625732421875 0.33125 0.0078125 0.02631578947368421
1 0.6875 0.3355263157894737 0.02392578125 0.034868421052631576
1 0.690673828125 0.33980263157894736 0.018798828125 0.04243421052631579
1 0.722412109375 0.31875 0.011474609375 0.033223684210526315
1 0.7626953125 0.3414473684210526 0.01611328125 0.04506578947368421
1 0.780029296875 0.3414473684210526 0.01708984375 0.05361842105263158
1 0.79638671875 0.3355263157894737 0.018798828125 0.055592105263157894
1 0.847412109375 0.33322368421052634 0.012451171875 0.04736842105263158