0 0.7080078125 0.4450657894736842 0.010009765625 0.0125
1 0.29541015625 0.39572368421052634 0.02490234375 0.07368421052631578
1 0.41455078125 0.3684210526315789 0.0146484375 0.06184210526315789
1 0.435791015625 0.37993421052631576 0.026611328125 0.0625
1 0.456787109375 0.36414473684210524 0.011474609375 0.05493421052631579
1 0.477783203125 0.35789473684210527 0.01611328125 0.049342105263157895
1 0.56591796875 0.35427631578947366 0.011962890625 0.04736842105263158
1 0.584228515625 0.36907894736842106 0.01513671875 0.06447368421052632
1 0.68115234375 0.32401315789473684 0.012451171875 0.03388157894736842
1 0.72900390625 0.3457236842105263 0.021240234375 0.05690789473684211
1 0.627197265625 0.4055921052631579 0.028076171875 0.09440789473684211