1 0.04345703125 0.26973684210526316 0.02099609375 0.09078947368421053
1 0.106689453125 0.2654605263157895 0.021728515625 0.0993421052631579
1 0.14111328125 0.3207236842105263 0.031494140625 0.13486842105263158
1 0.255615234375 0.29736842105263156 0.03076171875 0.13157894736842105
1 0.30859375 0.22138157894736843 0.013671875 0.08223684210526316
1 0.32373046875 0.23782894736842106 0.0263671875 0.0993421052631579
1 0.459228515625 0.34638157894736843 0.030029296875 0.16381578947368422
1 0.591552734375 0.23717105263157895 0.017333984375 0.07302631578947369
1 0.490966796875 0.2069078947368421 0.011474609375 0.05986842105263158
1 0.58447265625 0.19375 0.008544921875 0.03881578947368421
1 0.37841796875 0.20592105263157895 0.014892578125 0.06842105263157895