0 0.533447265625 0.48486842105263156 0.011474609375 0.016776315789473684
1 0.49267578125 0.4365131578947368 0.0302734375 0.09506578947368421
1 0.65625 0.45032894736842105 0.04052734375 0.1355263157894737
1 0.543212890625 0.39539473684210524 0.02294921875 0.07697368421052632
1 0.614990234375 0.3756578947368421 0.020751953125 0.0680921052631579
1 0.519287109375 0.36348684210526316 0.015625 0.060526315789473685
1 0.47705078125 0.3684210526315789 0.012451171875 0.05493421052631579
1 0.4599609375 0.35723684210526313 0.011474609375 0.04802631578947368
1 0.493896484375 0.35625 0.012939453125 0.04868421052631579
1 0.723388671875 0.35625 0.019775390625 0.06513157894736842
1 0.679443359375 0.3256578947368421 0.0087890625 0.0375