0 0.17138671875 0.3055921052631579 0.0078125 0.0125
1 0.22216796875 0.22171052631578947 0.01708984375 0.075
1 0.306884765625 0.21842105263157896 0.0107421875 0.07236842105263158
1 0.437255859375 0.2042763157894737 0.011474609375 0.06118421052631579
1 0.448486328125 0.22269736842105264 0.01171875 0.07171052631578947
1 0.458984375 0.2536184210526316 0.013427734375 0.1006578947368421
1 0.4853515625 0.24111842105263157 0.017333984375 0.08092105263157895
1 0.565185546875 0.2325657894736842 0.015625 0.07302631578947369
1 0.580810546875 0.26513157894736844 0.018798828125 0.09078947368421053
1 0.591796875 0.24111842105263157 0.013671875 0.06776315789473684
1 0.62939453125 0.22236842105263158 0.010986328125 0.04736842105263158
1 0.0888671875 0.275 0.020751953125 0.09736842105263158
1 0.132568359375 0.32171052631578945 0.032958984375 0.13026315789473683