1 0.25146484375 0.4506578947368421 0.04052734375 0.10559210526315789
1 0.384521484375 0.46348684210526314 0.036865234375 0.12861842105263158
1 0.361572265625 0.4286184210526316 0.027099609375 0.09309210526315789
1 0.17578125 0.41217105263157894 0.0234375 0.04375
0 0.378173828125 0.6513157894736842 0.019775390625 0.03190789473684211
1 0.3994140625 0.40131578947368424 0.02392578125 0.06677631578947368
1 0.3662109375 0.3805921052631579 0.0146484375 0.04013157894736842
1 0.345458984375 0.38585526315789476 0.01416015625 0.06447368421052632
1 0.4931640625 0.3713815789473684 0.017822265625 0.07236842105263158
1 0.533447265625 0.3825657894736842 0.020751953125 0.07236842105263158
1 0.6005859375 0.36348684210526316 0.017822265625 0.058881578947368424
1 0.691162109375 0.3203947368421053 0.00927734375 0.03125