1 0.4765625 0.35526315789473684 0.012451171875 0.05197368421052632
1 0.54150390625 0.3684210526315789 0.012939453125 0.06315789473684211
1 0.57373046875 0.33026315789473687 0.0078125 0.035526315789473684
1 0.83642578125 0.3200657894736842 0.011474609375 0.0375
1 0.673095703125 0.35328947368421054 0.01708984375 0.05493421052631579
1 0.6591796875 0.32467105263157897 0.0087890625 0.035526315789473684
1 0.696533203125 0.3401315789473684 0.01611328125 0.05263157894736842
1 0.79443359375 0.32532894736842105 0.01708984375 0.04375
1 0.692626953125 0.3263157894736842 0.00927734375 0.0375
1 0.66796875 0.3305921052631579 0.011962890625 0.04013157894736842
1 0.686767578125 0.31842105263157894 0.0087890625 0.03125