0 0.36181640625 0.45361842105263156 0.0087890625 0.0125
1 0.320556640625 0.3996710526315789 0.0224609375 0.07138157894736842
1 0.303955078125 0.3796052631578947 0.020263671875 0.058881578947368424
1 0.3876953125 0.3983552631578947 0.0244140625 0.07302631578947369
1 0.427978515625 0.3726973684210526 0.01513671875 0.06315789473684211
1 0.487060546875 0.4605263157894737 0.049072265625 0.11118421052631579
1 0.482666015625 0.3996710526315789 0.034912109375 0.06184210526315789
1 0.563232421875 0.3555921052631579 0.020263671875 0.05
1 0.60107421875 0.3631578947368421 0.0146484375 0.058223684210526316
1 0.61767578125 0.36282894736842103 0.018798828125 0.06184210526315789
1 0.699951171875 0.31842105263157894 0.011474609375 0.02993421052631579