1 0.05322265625 0.3730263157894737 0.0302734375 0.16973684210526316
1 0.45361328125 0.21611842105263157 0.013671875 0.06118421052631579
1 0.488037109375 0.20065789473684212 0.00927734375 0.05394736842105263
0 0.512939453125 0.2049342105263158 0.002197265625 0.004605263157894736
1 0.533447265625 0.1944078947368421 0.00927734375 0.04407894736842105
1 0.55029296875 0.21282894736842106 0.016357421875 0.06513157894736842
1 0.58203125 0.19506578947368422 0.00732421875 0.034868421052631576
1 0.588134765625 0.20559210526315788 0.008056640625 0.045394736842105265
1 0.59716796875 0.21513157894736842 0.0107421875 0.05
1 0.607177734375 0.22203947368421054 0.00927734375 0.05592105263157895
1 0.685791015625 0.24111842105263157 0.0107421875 0.03223684210526316