0 0.3251953125 0.24144736842105263 0.005859375 0.009210526315789473
1 0.0986328125 0.31513157894736843 0.0263671875 0.13815789473684212
1 0.208251953125 0.2332236842105263 0.01025390625 0.08092105263157895
1 0.218994140625 0.2601973684210526 0.017822265625 0.09276315789473684
1 0.225830078125 0.21677631578947368 0.012939453125 0.05855263157894737
1 0.243408203125 0.23651315789473684 0.02783203125 0.08355263157894736
1 0.28271484375 0.22105263157894736 0.025634765625 0.06447368421052632
1 0.35302734375 0.2565789473684211 0.024658203125 0.10394736842105264
1 0.377197265625 0.21546052631578946 0.0185546875 0.06118421052631579
1 0.483154296875 0.23684210526315788 0.02392578125 0.06842105263157895
1 0.478271484375 0.20065789473684212 0.010009765625 0.05526315789473684
1 0.50341796875 0.2713815789473684 0.02587890625 0.10986842105263157
1 0.586181640625 0.2036184210526316 0.013427734375 0.04144736842105263