1 0.1357421875 0.31546052631578947 0.032470703125 0.13486842105263158
1 0.341796875 0.21447368421052632 0.020263671875 0.06315789473684211
1 0.354736328125 0.21085526315789474 0.025146484375 0.05986842105263158
0 0.316650390625 0.22335526315789472 0.005126953125 0.009868421052631578
1 0.396484375 0.18585526315789475 0.013427734375 0.04802631578947368
1 0.406494140625 0.19736842105263158 0.014892578125 0.05263157894736842
1 0.419677734375 0.18552631578947368 0.010986328125 0.04868421052631579
1 0.447509765625 0.19407894736842105 0.0126953125 0.05
1 0.4599609375 0.18618421052631579 0.010986328125 0.046052631578947366
1 0.5244140625 0.2 0.01171875 0.04868421052631579
1 0.57275390625 0.19835526315789473 0.01025390625 0.04407894736842105
1 0.5712890625 0.19111842105263158 0.005615234375 0.0375