1 0.05322265625 0.37335526315789475 0.031005859375 0.17039473684210527
1 0.417236328125 0.2305921052631579 0.01513671875 0.07828947368421052
1 0.460205078125 0.2 0.013671875 0.05526315789473684
1 0.542236328125 0.20657894736842106 0.0087890625 0.04736842105263158
1 0.552001953125 0.20032894736842105 0.012939453125 0.045394736842105265
1 0.560302734375 0.2019736842105263 0.010986328125 0.04078947368421053
1 0.582763671875 0.2236842105263158 0.01025390625 0.05526315789473684
1 0.59375 0.19605263157894737 0.010009765625 0.03684210526315789
0 0.580810546875 0.23717105263157895 0.0048828125 0.009868421052631578
1 0.61328125 0.22960526315789473 0.014404296875 0.056578947368421055
1 0.619384765625 0.22171052631578947 0.00634765625 0.04736842105263158
1 0.63671875 0.21875 0.013671875 0.04802631578947368
1 0.685302734375 0.2355263157894737 0.010986328125 0.04473684210526316