1 0.01611328125 0.40789473684210525 0.031494140625 0.18026315789473685
1 0.07470703125 0.3194078947368421 0.026611328125 0.1256578947368421
1 0.122314453125 0.2713815789473684 0.026611328125 0.10197368421052631
0 0.12841796875 0.3131578947368421 0.00732421875 0.013157894736842105
1 0.205810546875 0.23026315789473684 0.015869140625 0.07894736842105263
1 0.294677734375 0.20526315789473684 0.014892578125 0.06447368421052632
1 0.360107421875 0.20888157894736842 0.015869140625 0.07171052631578947
1 0.412841796875 0.2332236842105263 0.014404296875 0.08223684210526316
1 0.41552734375 0.18026315789473685 0.010009765625 0.02894736842105263
1 0.49658203125 0.32960526315789473 0.028076171875 0.14868421052631578
1 0.504150390625 0.2042763157894737 0.010986328125 0.053289473684210525
1 0.584228515625 0.19111842105263158 0.00732421875 0.04144736842105263
1 0.6240234375 0.22861842105263158 0.012939453125 0.06118421052631579