0 0.108642578125 0.3319078947368421 0.00732421875 0.01381578947368421
1 0.095458984375 0.3263157894736842 0.023681640625 0.13026315789473683
1 0.0927734375 0.2569078947368421 0.016357421875 0.05986842105263158
1 0.227294921875 0.22828947368421051 0.023193359375 0.07894736842105263
1 0.37060546875 0.2868421052631579 0.03466796875 0.125
1 0.415771484375 0.2957236842105263 0.02001953125 0.13355263157894737
1 0.410888671875 0.22203947368421054 0.01416015625 0.07302631578947369
1 0.4501953125 0.2305921052631579 0.021484375 0.0756578947368421
1 0.440185546875 0.2138157894736842 0.01220703125 0.060526315789473685
1 0.5087890625 0.24967105263157896 0.016357421875 0.08486842105263158
1 0.518798828125 0.26480263157894735 0.02294921875 0.07171052631578947
1 0.5048828125 0.24144736842105263 0.017333984375 0.0868421052631579