0 0.1201171875 0.36875 0.0087890625 0.015131578947368421
1 0.1455078125 0.3167763157894737 0.030029296875 0.13092105263157894
1 0.213134765625 0.30986842105263157 0.021484375 0.09078947368421053
1 0.2470703125 0.3430921052631579 0.048095703125 0.04013157894736842
1 0.132080078125 0.2506578947368421 0.017822265625 0.08421052631578947
1 0.31982421875 0.28717105263157894 0.03515625 0.12039473684210526
1 0.2939453125 0.21546052631578946 0.013427734375 0.057236842105263155
1 0.42626953125 0.22138157894736843 0.014404296875 0.07171052631578947
1 0.444580078125 0.20559210526315788 0.01171875 0.05986842105263158
1 0.461181640625 0.2332236842105263 0.020751953125 0.0756578947368421
1 0.50732421875 0.20164473684210527 0.010009765625 0.0506578947368421
1 0.5673828125 0.23651315789473684 0.01806640625 0.07697368421052632
1 0.609375 0.25493421052631576 0.01513671875 0.0756578947368421