1 0.048583984375 0.42697368421052634 0.036865234375 0.08486842105263158
1 0.121826171875 0.5536184210526316 0.074951171875 0.1819078947368421
1 0.17041015625 0.44671052631578945 0.03857421875 0.10493421052631578
0 0.163818359375 0.5957236842105263 0.020263671875 0.02236842105263158
1 0.409912109375 0.4407894736842105 0.026123046875 0.1118421052631579
1 0.371826171875 0.38848684210526313 0.017822265625 0.06743421052631579
1 0.329833984375 0.3832236842105263 0.020263671875 0.044407894736842105
1 0.527587890625 0.41348684210526315 0.03759765625 0.10493421052631578
1 0.608642578125 0.5332236842105263 0.057861328125 0.1944078947368421
1 0.618408203125 0.4342105263157895 0.03076171875 0.0881578947368421
1 0.49609375 0.37993421052631576 0.01513671875 0.07072368421052631
1 0.557373046875 0.3575657894736842 0.015625 0.05131578947368421
1 0.690673828125 0.31875 0.010498046875 0.03190789473684211