0 0.474853515625 0.38717105263157897 0.004638671875 0.00625
1 0.34326171875 0.3680921052631579 0.02197265625 0.054276315789473686
1 0.403564453125 0.40625 0.027099609375 0.0875
1 0.419677734375 0.37894736842105264 0.019775390625 0.058881578947368424
1 0.465576171875 0.36644736842105263 0.019775390625 0.049342105263157895
1 0.486572265625 0.34967105263157894 0.0146484375 0.04638157894736842
1 0.5625 0.3424342105263158 0.010498046875 0.0375
1 0.5859375 0.3694078947368421 0.02392578125 0.06118421052631579
1 0.595947265625 0.3483552631578947 0.020751953125 0.04506578947368421
1 0.5732421875 0.3549342105263158 0.01708984375 0.04177631578947368
1 0.686767578125 0.3194078947368421 0.011962890625 0.033223684210526315
1 0.755615234375 0.3526315789473684 0.019775390625 0.05690789473684211