0 0.177734375 0.3006578947368421 0.007080078125 0.011842105263157895
1 0.1591796875 0.26480263157894735 0.017333984375 0.08881578947368421
1 0.233154296875 0.2131578947368421 0.01220703125 0.06842105263157895
1 0.240478515625 0.23157894736842105 0.017822265625 0.07894736842105263
1 0.101318359375 0.3325657894736842 0.0244140625 0.1361842105263158
1 0.41064453125 0.22664473684210526 0.01220703125 0.0756578947368421
1 0.418701171875 0.20460526315789473 0.0087890625 0.06184210526315789
1 0.434326171875 0.24539473684210528 0.02392578125 0.0868421052631579
1 0.490966796875 0.27730263157894736 0.0224609375 0.11513157894736842
1 0.5263671875 0.22861842105263158 0.01416015625 0.0756578947368421
1 0.593994140625 0.20986842105263157 0.010986328125 0.04473684210526316
1 0.615478515625 0.25296052631578947 0.01806640625 0.07960526315789473
1 0.678466796875 0.25625 0.0166015625 0.06513157894736842