1 0.44091796875 0.22105263157894736 0.013671875 0.07105263157894737
1 0.45849609375 0.17993421052631578 0.00732421875 0.04407894736842105
1 0.485595703125 0.18947368421052632 0.013427734375 0.046052631578947366
1 0.52685546875 0.1980263157894737 0.01220703125 0.04473684210526316
1 0.568359375 0.21217105263157895 0.0126953125 0.05197368421052632
1 0.57275390625 0.19276315789473683 0.00634765625 0.038157894736842106
1 0.6025390625 0.2042763157894737 0.01025390625 0.04407894736842105
1 0.61083984375 0.20789473684210527 0.012939453125 0.04078947368421053
1 0.63427734375 0.22269736842105264 0.01171875 0.049342105263157895
1 0.646484375 0.24243421052631578 0.015625 0.0375
1 0.6923828125 0.2348684210526316 0.008544921875 0.04473684210526316
0 0.667724609375 0.23914473684210527 0.00341796875 0.007236842105263158