1 0.11669921875 0.5674342105263158 0.065673828125 0.19177631578947368
1 0.056884765625 0.4368421052631579 0.03857421875 0.09440789473684211
1 0.2431640625 0.4365131578947368 0.028076171875 0.09802631578947368
1 0.30224609375 0.3828947368421053 0.020263671875 0.06184210526315789
1 0.439697265625 0.4286184210526316 0.036376953125 0.10427631578947369
1 0.571044921875 0.6180921052631579 0.07666015625 0.2694078947368421
1 0.39501953125 0.3888157894736842 0.020263671875 0.0694078947368421
1 0.641357421875 0.4450657894736842 0.043212890625 0.12631578947368421
1 0.59375 0.40921052631578947 0.02294921875 0.10756578947368421
1 0.525146484375 0.37664473684210525 0.021240234375 0.06743421052631579
1 0.54052734375 0.36019736842105265 0.012451171875 0.05361842105263158
1 0.69091796875 0.3180921052631579 0.0078125 0.03190789473684211
0 0.160400390625 0.625 0.020751953125 0.025