1 0.056884765625 0.36217105263157895 0.03369140625 0.15855263157894736
1 0.257568359375 0.2825657894736842 0.02392578125 0.11381578947368422
1 0.243896484375 0.24210526315789474 0.02099609375 0.09210526315789473
1 0.3310546875 0.23026315789473684 0.015625 0.07894736842105263
1 0.326416015625 0.20657894736842106 0.012939453125 0.06842105263157895
1 0.428955078125 0.24177631578947367 0.025146484375 0.09144736842105264
1 0.453125 0.25032894736842104 0.019287109375 0.09671052631578947
1 0.56201171875 0.3325657894736842 0.028564453125 0.14144736842105263
0 0.435546875 0.3717105263157895 0.01171875 0.019736842105263157
1 0.534423828125 0.2 0.010986328125 0.046052631578947366
1 0.583740234375 0.19473684210526315 0.0078125 0.039473684210526314
1 0.595947265625 0.22302631578947368 0.012939453125 0.05526315789473684
1 0.445556640625 0.19835526315789473 0.0107421875 0.05592105263157895