0 0.255126953125 0.2914473684210526 0.006591796875 0.011842105263157895
1 0.052490234375 0.36085526315789473 0.02880859375 0.1375
1 0.19775390625 0.2555921052631579 0.029296875 0.0861842105263158
1 0.287841796875 0.2292763157894737 0.024658203125 0.04671052631578947
1 0.29833984375 0.2894736842105263 0.0458984375 0.11052631578947368
1 0.35498046875 0.27631578947368424 0.0302734375 0.08289473684210526
1 0.421142578125 0.19572368421052633 0.013427734375 0.05592105263157895
1 0.46435546875 0.2082236842105263 0.01220703125 0.05197368421052632
1 0.493408203125 0.1993421052631579 0.01025390625 0.05263157894736842
1 0.528564453125 0.2125 0.013671875 0.056578947368421055
1 0.5556640625 0.20921052631578949 0.013671875 0.05526315789473684
1 0.6123046875 0.22730263157894737 0.01220703125 0.053289473684210525