0 0.141845703125 0.3105263157894737 0.007080078125 0.011842105263157895
1 0.0986328125 0.3299342105263158 0.036865234375 0.13486842105263158
1 0.107421875 0.27039473684210524 0.02099609375 0.0881578947368421
1 0.226318359375 0.21677631578947368 0.01416015625 0.07039473684210526
1 0.2578125 0.22697368421052633 0.01708984375 0.07631578947368421
1 0.415283203125 0.22203947368421054 0.014892578125 0.07302631578947369
1 0.427978515625 0.2042763157894737 0.012939453125 0.06118421052631579
1 0.438720703125 0.23914473684210527 0.02001953125 0.08223684210526316
1 0.475341796875 0.26776315789473687 0.023681640625 0.10789473684210527
1 0.538818359375 0.2292763157894737 0.0126953125 0.07434210526315789
1 0.6064453125 0.21348684210526317 0.0087890625 0.04407894736842105
1 0.610107421875 0.2582236842105263 0.017333984375 0.08223684210526316
1 0.640869140625 0.24967105263157896 0.01708984375 0.0625