0 0.385986328125 0.41710526315789476 0.00634765625 0.008881578947368421
1 0.2255859375 0.41907894736842105 0.028076171875 0.08125
1 0.32177734375 0.4082236842105263 0.02197265625 0.07927631578947368
1 0.3671875 0.3894736842105263 0.0166015625 0.06381578947368421
1 0.433837890625 0.3825657894736842 0.02490234375 0.05986842105263158
1 0.456787109375 0.35328947368421054 0.020751953125 0.017434210526315788
1 0.529052734375 0.3907894736842105 0.019775390625 0.06743421052631579
1 0.577880859375 0.3875 0.0234375 0.07368421052631578
1 0.538330078125 0.48651315789473687 0.052490234375 0.1424342105263158
1 0.61181640625 0.3526315789473684 0.0224609375 0.05131578947368421
1 0.679443359375 0.36644736842105263 0.0234375 0.06875
1 0.699462890625 0.3190789473684211 0.011474609375 0.03256578947368421