1 0.067626953125 0.32532894736842105 0.02587890625 0.13223684210526315
1 0.114013671875 0.2736842105263158 0.0263671875 0.10394736842105264
1 0.17578125 0.22664473684210526 0.014404296875 0.07697368421052632
1 0.25244140625 0.22467105263157894 0.01806640625 0.08223684210526316
1 0.36181640625 0.22171052631578947 0.01953125 0.08552631578947369
1 0.386474609375 0.24572368421052632 0.017822265625 0.09539473684210527
1 0.455322265625 0.3638157894736842 0.040771484375 0.13815789473684212
1 0.394775390625 0.19967105263157894 0.011474609375 0.06118421052631579
1 0.490478515625 0.20657894736842106 0.010986328125 0.060526315789473685
1 0.6103515625 0.23157894736842105 0.01513671875 0.06710526315789474
1 0.585693359375 0.19572368421052633 0.0078125 0.03618421052631579