0 0.646728515625 0.3480263157894737 0.003662109375 0.0042763157894736845
1 0.45654296875 0.3516447368421053 0.019287109375 0.017434210526315788
1 0.47314453125 0.39276315789473687 0.025634765625 0.07861842105263157
1 0.496337890625 0.35625 0.013427734375 0.04868421052631579
1 0.5576171875 0.3381578947368421 0.0087890625 0.034868421052631576
1 0.60205078125 0.3536184210526316 0.020751953125 0.044407894736842105
1 0.625 0.33651315789473685 0.017822265625 0.04111842105263158
1 0.748291015625 0.3236842105263158 0.010009765625 0.0375
1 0.7607421875 0.33026315789473687 0.01708984375 0.04638157894736842
1 0.711669921875 0.3292763157894737 0.010986328125 0.04177631578947368
1 0.705810546875 0.3223684210526316 0.00732421875 0.034868421052631576