1 0.154052734375 0.25855263157894737 0.015869140625 0.0868421052631579
1 0.2080078125 0.21743421052631579 0.013671875 0.06907894736842106
1 0.24951171875 0.22171052631578947 0.0185546875 0.06842105263157895
1 0.2939453125 0.2305921052631579 0.022216796875 0.08355263157894736
1 0.307373046875 0.2042763157894737 0.010986328125 0.06118421052631579
1 0.339599609375 0.21875 0.015869140625 0.07434210526315789
0 0.37158203125 0.23651315789473684 0.00634765625 0.009868421052631578
1 0.39453125 0.2256578947368421 0.0244140625 0.05921052631578947
1 0.37841796875 0.19111842105263158 0.014404296875 0.053289473684210525
1 0.55224609375 0.2082236842105263 0.013671875 0.04802631578947368
1 0.578125 0.19144736842105264 0.008544921875 0.04078947368421053