0 0.62841796875 0.36776315789473685 0.004638671875 0.00625
1 0.38623046875 0.4125 0.027587890625 0.09309210526315789
1 0.359130859375 0.3674342105263158 0.01416015625 0.05263157894736842
1 0.4580078125 0.35098684210526315 0.019287109375 0.02006578947368421
1 0.5634765625 0.40098684210526314 0.0302734375 0.08388157894736842
1 0.56103515625 0.37664473684210525 0.019775390625 0.06447368421052632
1 0.654541015625 0.36875 0.018310546875 0.0694078947368421
1 0.638916015625 0.3473684210526316 0.019287109375 0.04013157894736842
1 0.680908203125 0.3582236842105263 0.012939453125 0.06118421052631579
1 0.697021484375 0.35855263157894735 0.0224609375 0.04243421052631579
1 0.707275390625 0.3223684210526316 0.012451171875 0.03881578947368421
1 0.776611328125 0.33157894736842103 0.0166015625 0.04802631578947368