0 0.383544921875 0.22730263157894737 0.00439453125 0.008552631578947369
1 0.09521484375 0.26710526315789473 0.01806640625 0.09210526315789473
1 0.19482421875 0.29901315789473687 0.02783203125 0.1361842105263158
1 0.31396484375 0.26052631578947366 0.02587890625 0.10526315789473684
1 0.4638671875 0.19835526315789473 0.01220703125 0.049342105263157895
1 0.47412109375 0.19539473684210526 0.01025390625 0.04736842105263158
1 0.4853515625 0.20625 0.01513671875 0.04802631578947368
1 0.4814453125 0.23289473684210527 0.014892578125 0.07236842105263158
1 0.494384765625 0.21019736842105263 0.014404296875 0.05592105263157895
1 0.5234375 0.21348684210526317 0.01513671875 0.053289473684210525
1 0.328857421875 0.20032894736842105 0.01171875 0.049342105263157895
1 0.5654296875 0.19605263157894737 0.0087890625 0.039473684210526314
1 0.578125 0.24572368421052632 0.015869140625 0.07828947368421052