1 0.227294921875 0.4006578947368421 0.02978515625 0.07236842105263158
1 0.343017578125 0.39210526315789473 0.026611328125 0.06743421052631579
1 0.4716796875 0.41151315789473686 0.033935546875 0.09111842105263158
1 0.47607421875 0.38125 0.019775390625 0.07368421052631578
1 0.515869140625 0.34868421052631576 0.0224609375 0.04736842105263158
1 0.54296875 0.37894736842105264 0.03271484375 0.07434210526315789
1 0.6025390625 0.3414473684210526 0.013427734375 0.04638157894736842
1 0.75244140625 0.3401315789473684 0.020263671875 0.05263157894736842
1 0.7138671875 0.32105263157894737 0.0087890625 0.039473684210526314
1 0.70703125 0.42532894736842103 0.035888671875 0.12302631578947368
1 0.806396484375 0.3450657894736842 0.035888671875 0.044407894736842105