1 0.19482421875 0.4473684210526316 0.03857421875 0.11513157894736842
1 0.444091796875 0.42138157894736844 0.0390625 0.09309210526315789
1 0.567626953125 0.54375 0.058349609375 0.1875
1 0.611083984375 0.5299342105263158 0.0537109375 0.1707236842105263
1 0.74609375 0.47039473684210525 0.04736328125 0.1411184210526316
0 0.675537109375 0.5743421052631579 0.019775390625 0.025
1 0.625244140625 0.4151315789473684 0.03271484375 0.09572368421052632
1 0.46435546875 0.37664473684210525 0.01708984375 0.06315789473684211
1 0.4814453125 0.3674342105263158 0.012939453125 0.05263157894736842
1 0.498291015625 0.3674342105263158 0.01611328125 0.058223684210526316
1 0.7529296875 0.3726973684210526 0.028564453125 0.07302631578947369
1 0.694580078125 0.32467105263157897 0.011962890625 0.03684210526315789