0 0.154296875 0.3638157894736842 0.011474609375 0.017105263157894738
1 0.080078125 0.36151315789473687 0.03662109375 0.16644736842105262
1 0.251953125 0.3368421052631579 0.04150390625 0.1394736842105263
1 0.310791015625 0.2746710526315789 0.0224609375 0.1125
1 0.32177734375 0.21710526315789475 0.016357421875 0.07105263157894737
1 0.36767578125 0.21447368421052632 0.016357421875 0.07105263157894737
1 0.39892578125 0.2532894736842105 0.02099609375 0.09342105263157895
1 0.425537109375 0.2578947368421053 0.01806640625 0.09868421052631579
1 0.4970703125 0.24473684210526317 0.01708984375 0.0868421052631579
1 0.558349609375 0.2355263157894737 0.015869140625 0.07368421052631578
1 0.5859375 0.20394736842105263 0.012939453125 0.042105263157894736
1 0.62451171875 0.3042763157894737 0.021728515625 0.11776315789473685
1 0.614013671875 0.2776315789473684 0.01953125 0.08947368421052632