0 0.085693359375 0.3792763157894737 0.010986328125 0.017763157894736842
1 0.14794921875 0.3180921052631579 0.0400390625 0.12697368421052632
1 0.18505859375 0.29769736842105265 0.0263671875 0.11776315789473685
1 0.212646484375 0.24342105263157895 0.0302734375 0.08947368421052632
1 0.36083984375 0.21217105263157895 0.0185546875 0.07434210526315789
1 0.38916015625 0.2069078947368421 0.013671875 0.06644736842105263
1 0.460693359375 0.31085526315789475 0.03173828125 0.13486842105263158
1 0.48388671875 0.2601973684210526 0.02392578125 0.11118421052631579
1 0.591064453125 0.3894736842105263 0.0361328125 0.19078947368421054
1 0.522705078125 0.20394736842105263 0.011474609375 0.05263157894736842
1 0.594482421875 0.24243421052631578 0.01513671875 0.07828947368421052
1 0.58447265625 0.19572368421052633 0.0078125 0.04013157894736842