1 0.333251953125 0.39144736842105265 0.027099609375 0.06875
1 0.39794921875 0.38355263157894737 0.02490234375 0.05625
1 0.3916015625 0.3786184210526316 0.0166015625 0.058223684210526316
1 0.4482421875 0.40789473684210525 0.027587890625 0.08552631578947369
1 0.496826171875 0.35460526315789476 0.017822265625 0.05197368421052632
1 0.56884765625 0.35723684210526313 0.015625 0.05493421052631579
1 0.613525390625 0.38717105263157897 0.02294921875 0.08388157894736842
1 0.63916015625 0.35526315789473684 0.0166015625 0.05361842105263158
1 0.69384765625 0.33421052631578946 0.0166015625 0.04111842105263158
1 0.74365234375 0.35328947368421054 0.015625 0.06184210526315789
1 0.697509765625 0.3125 0.00927734375 0.016776315789473684
0 0.378662109375 0.4039473684210526 0.00732421875 0.010526315789473684