0 0.378662109375 0.24078947368421053 0.005126953125 0.007894736842105263
1 0.10498046875 0.3223684210526316 0.039306640625 0.14868421052631578
1 0.218994140625 0.26611842105263156 0.020751953125 0.0993421052631579
1 0.27587890625 0.2325657894736842 0.02294921875 0.08486842105263158
1 0.346923828125 0.25592105263157894 0.028076171875 0.10394736842105264
1 0.233154296875 0.2256578947368421 0.012939453125 0.075
1 0.227783203125 0.21546052631578946 0.01025390625 0.06381578947368421
1 0.374267578125 0.21743421052631579 0.023681640625 0.0625
1 0.349365234375 0.20394736842105263 0.015625 0.04342105263157895
1 0.4892578125 0.19901315789473684 0.01171875 0.053289473684210525
1 0.523193359375 0.2355263157894737 0.019287109375 0.07236842105263158
1 0.495849609375 0.25855263157894737 0.020751953125 0.1013157894736842
1 0.586181640625 0.2036184210526316 0.013427734375 0.04144736842105263