0 0.291748046875 0.3059210526315789 0.006591796875 0.014473684210526316
1 0.244873046875 0.33125 0.033203125 0.1493421052631579
1 0.30908203125 0.2388157894736842 0.021728515625 0.0868421052631579
1 0.31982421875 0.21842105263157896 0.015869140625 0.06315789473684211
1 0.361572265625 0.19638157894736843 0.00927734375 0.057236842105263155
1 0.43017578125 0.20098684210526316 0.010986328125 0.05855263157894737
1 0.443603515625 0.24342105263157895 0.0263671875 0.08421052631578947
1 0.514404296875 0.25032894736842104 0.020751953125 0.08486842105263158
1 0.5244140625 0.21611842105263157 0.01025390625 0.0625
1 0.57177734375 0.24473684210526317 0.0185546875 0.07631578947368421
1 0.575439453125 0.20065789473684212 0.008056640625 0.04078947368421053
1 0.599609375 0.2601973684210526 0.017333984375 0.08486842105263158
1 0.688720703125 0.2601973684210526 0.01171875 0.06644736842105263