0 0.1201171875 0.36875 0.00927734375 0.01644736842105263
1 0.158203125 0.31875 0.03466796875 0.13092105263157894
1 0.216796875 0.32335526315789476 0.037841796875 0.09276315789473684
1 0.247314453125 0.34210526315789475 0.048828125 0.039473684210526314
1 0.122314453125 0.2588815789473684 0.020263671875 0.0875
1 0.291259765625 0.21052631578947367 0.014404296875 0.06578947368421052
1 0.372314453125 0.2825657894736842 0.021728515625 0.12039473684210526
1 0.40087890625 0.22730263157894737 0.01416015625 0.07039473684210526
1 0.438720703125 0.2069078947368421 0.01171875 0.06381578947368421
1 0.51025390625 0.2355263157894737 0.0185546875 0.07631578947368421
1 0.5380859375 0.23585526315789473 0.02001953125 0.07960526315789473
1 0.59423828125 0.2598684210526316 0.01416015625 0.08289473684210526
1 0.5126953125 0.20559210526315788 0.010009765625 0.053289473684210525