0 0.64111328125 0.35657894736842105 0.004150390625 0.004934210526315789
1 0.457275390625 0.3526315789473684 0.019775390625 0.016776315789473684
1 0.488525390625 0.3796052631578947 0.02294921875 0.07302631578947369
1 0.477294921875 0.35625 0.01416015625 0.054276315789473686
1 0.58544921875 0.3483552631578947 0.012451171875 0.04506578947368421
1 0.605712890625 0.34375 0.02490234375 0.04177631578947368
1 0.623779296875 0.35098684210526315 0.01708984375 0.05197368421052632
1 0.656494140625 0.3375 0.01513671875 0.044407894736842105
1 0.68994140625 0.3207236842105263 0.011962890625 0.03190789473684211
1 0.742431640625 0.3269736842105263 0.018310546875 0.034868421052631576
1 0.76513671875 0.34671052631578947 0.017822265625 0.060526315789473685