0 0.41455078125 0.37993421052631576 0.004150390625 0.005592105263157895
1 0.301025390625 0.3917763157894737 0.020751953125 0.06118421052631579
1 0.353759765625 0.42598684210526316 0.0322265625 0.0993421052631579
1 0.340087890625 0.36776315789473685 0.011474609375 0.049342105263157895
1 0.41650390625 0.36019736842105265 0.01611328125 0.04506578947368421
1 0.487548828125 0.3493421052631579 0.011474609375 0.044407894736842105
1 0.50439453125 0.3519736842105263 0.012939453125 0.0430921052631579
1 0.53173828125 0.3881578947368421 0.018798828125 0.075
1 0.530029296875 0.34901315789473686 0.01416015625 0.023026315789473683
1 0.551025390625 0.35427631578947366 0.020751953125 0.04572368421052632
1 0.685302734375 0.31973684210526315 0.00732421875 0.03388157894736842
1 0.69580078125 0.3828947368421053 0.0302734375 0.07993421052631579