1 0.44384765625 0.22105263157894736 0.01171875 0.06973684210526315
1 0.45458984375 0.17861842105263157 0.009521484375 0.04144736842105263
1 0.470703125 0.18519736842105264 0.0087890625 0.045394736842105265
1 0.521240234375 0.19638157894736843 0.010009765625 0.04276315789473684
1 0.56005859375 0.18914473684210525 0.007080078125 0.0375
1 0.563720703125 0.21151315789473685 0.011474609375 0.0506578947368421
1 0.584228515625 0.2042763157894737 0.0107421875 0.04671052631578947
0 0.603271484375 0.22302631578947368 0.003662109375 0.006578947368421052
1 0.608154296875 0.20592105263157895 0.008544921875 0.04078947368421053
1 0.616943359375 0.2180921052631579 0.010009765625 0.053289473684210525
1 0.64599609375 0.24210526315789474 0.015869140625 0.039473684210526314
1 0.6953125 0.23223684210526316 0.01025390625 0.05