0 0.357177734375 0.4680921052631579 0.010498046875 0.0125
1 0.3212890625 0.4006578947368421 0.026123046875 0.07072368421052631
1 0.30126953125 0.3796052631578947 0.027587890625 0.05625
1 0.379638671875 0.4085526315789474 0.028076171875 0.08125
1 0.425537109375 0.45460526315789473 0.044677734375 0.1118421052631579
1 0.45556640625 0.41480263157894737 0.03076171875 0.07993421052631579
1 0.43115234375 0.3740131578947368 0.018798828125 0.05756578947368421
1 0.45703125 0.3526315789473684 0.020263671875 0.018092105263157895
1 0.55517578125 0.35625 0.0146484375 0.05131578947368421
1 0.600830078125 0.36414473684210524 0.01708984375 0.05625
1 0.616943359375 0.3638157894736842 0.020263671875 0.06381578947368421
1 0.700927734375 0.31875 0.011474609375 0.029276315789473685