1 0.14111328125 0.3138157894736842 0.0263671875 0.1368421052631579
1 0.412353515625 0.19013157894736843 0.01171875 0.05
1 0.45361328125 0.21578947368421053 0.015869140625 0.05394736842105263
1 0.447021484375 0.20921052631578949 0.019287109375 0.05526315789473684
1 0.4853515625 0.20460526315789473 0.017333984375 0.05131578947368421
1 0.43115234375 0.18092105263157895 0.014892578125 0.042105263157894736
0 0.4248046875 0.19901315789473684 0.003662109375 0.007236842105263158
1 0.5087890625 0.19013157894736843 0.0107421875 0.042105263157894736
1 0.453857421875 0.18453947368421053 0.010009765625 0.03618421052631579
1 0.45458984375 0.18388157894736842 0.013671875 0.04013157894736842
1 0.559814453125 0.19506578947368422 0.01025390625 0.04276315789473684
1 0.568115234375 0.19111842105263158 0.0087890625 0.04013157894736842