1 0.3017578125 0.3917763157894737 0.0224609375 0.05986842105263158
1 0.353271484375 0.4273026315789474 0.033935546875 0.09802631578947368
1 0.34033203125 0.3684210526315789 0.011962890625 0.0506578947368421
1 0.4169921875 0.36019736842105265 0.01611328125 0.04506578947368421
0 0.4140625 0.3796052631578947 0.005126953125 0.00625
1 0.4873046875 0.35 0.010986328125 0.0430921052631579
1 0.50244140625 0.3526315789473684 0.01513671875 0.04572368421052632
1 0.53173828125 0.38914473684210527 0.020751953125 0.07434210526315789
1 0.52978515625 0.3493421052631579 0.013427734375 0.02236842105263158
1 0.55029296875 0.3539473684210526 0.021240234375 0.04802631578947368
1 0.68603515625 0.3190789473684211 0.00830078125 0.03256578947368421
1 0.694580078125 0.3848684210526316 0.03173828125 0.08322368421052631