0 0.1943359375 0.26776315789473687 0.005615234375 0.009210526315789473
1 0.09716796875 0.2723684210526316 0.01025390625 0.09736842105263158
1 0.112548828125 0.3348684210526316 0.027099609375 0.13815789473684212
1 0.217041015625 0.22006578947368421 0.021484375 0.07171052631578947
1 0.352294921875 0.22138157894736843 0.0166015625 0.07434210526315789
1 0.42919921875 0.22171052631578947 0.014404296875 0.07236842105263158
1 0.44140625 0.20625 0.011474609375 0.06118421052631579
1 0.455078125 0.26513157894736844 0.018798828125 0.10526315789473684
1 0.513916015625 0.25296052631578947 0.01513671875 0.08881578947368421
1 0.541748046875 0.27631578947368424 0.022216796875 0.10657894736842105
1 0.566162109375 0.23980263157894738 0.01708984375 0.07828947368421052
1 0.568115234375 0.24473684210526317 0.0166015625 0.07236842105263158
1 0.64697265625 0.2299342105263158 0.010009765625 0.0506578947368421