1 0.04833984375 0.3743421052631579 0.040771484375 0.16578947368421051
1 0.2958984375 0.24671052631578946 0.028076171875 0.09210526315789473
1 0.361572265625 0.20032894736842105 0.01220703125 0.05986842105263158
1 0.439208984375 0.20789473684210527 0.0166015625 0.060526315789473685
1 0.467529296875 0.19046052631578947 0.014404296875 0.049342105263157895
1 0.490478515625 0.21480263157894736 0.014404296875 0.06644736842105263
1 0.53173828125 0.19539473684210526 0.00927734375 0.04473684210526316
1 0.588623046875 0.23289473684210527 0.015869140625 0.07368421052631578
1 0.60595703125 0.22335526315789472 0.013671875 0.04671052631578947
1 0.60107421875 0.20032894736842105 0.01220703125 0.026973684210526316
1 0.61865234375 0.22467105263157894 0.01171875 0.045394736842105265
1 0.62548828125 0.2256578947368421 0.017333984375 0.04342105263157895
0 0.628662109375 0.24605263157894736 0.00439453125 0.007894736842105263