0 0.633056640625 0.3371710526315789 0.002685546875 0.004934210526315789
1 0.615478515625 0.325 0.01513671875 0.025
1 0.619873046875 0.35 0.0146484375 0.05131578947368421
1 0.67919921875 0.32467105263157897 0.00927734375 0.03388157894736842
1 0.7392578125 0.3213815789473684 0.012939453125 0.033223684210526315
1 0.69970703125 0.32171052631578945 0.010986328125 0.03125
1 0.707275390625 0.3483552631578947 0.017822265625 0.05625
1 0.758056640625 0.33092105263157895 0.012939453125 0.04375
1 0.78759765625 0.32598684210526313 0.018798828125 0.04638157894736842
1 0.795654296875 0.32105263157894737 0.011962890625 0.038157894736842106
1 0.527099609375 0.3513157894736842 0.013427734375 0.05263157894736842