1 0.03271484375 0.5694078947368421 0.064697265625 0.1723684210526316
1 0.239501953125 0.4664473684210526 0.05517578125 0.11611842105263158
1 0.1748046875 0.41217105263157894 0.0224609375 0.04375
1 0.392822265625 0.48125 0.044677734375 0.1319078947368421
1 0.369873046875 0.4305921052631579 0.0302734375 0.09736842105263158
1 0.340576171875 0.3868421052631579 0.0166015625 0.0680921052631579
1 0.37890625 0.3851973684210526 0.011962890625 0.0506578947368421
1 0.4033203125 0.39901315789473685 0.0234375 0.07138157894736842
1 0.504638671875 0.37467105263157896 0.018798828125 0.0700657894736842
1 0.529541015625 0.38552631578947366 0.018310546875 0.075
1 0.605712890625 0.3651315789473684 0.0146484375 0.05986842105263158
1 0.69091796875 0.3223684210526316 0.010009765625 0.03190789473684211
0 0.3720703125 0.7526315789473684 0.026611328125 0.04013157894736842