0 0.394775390625 0.5177631578947368 0.013427734375 0.017434210526315788
1 0.20361328125 0.4881578947368421 0.067626953125 0.13322368421052633
1 0.334228515625 0.42697368421052634 0.028564453125 0.0805921052631579
1 0.35595703125 0.38980263157894735 0.01611328125 0.0700657894736842
1 0.554443359375 0.4898026315789474 0.0537109375 0.12006578947368421
1 0.509521484375 0.38914473684210527 0.0244140625 0.0756578947368421
1 0.62255859375 0.37894736842105264 0.028564453125 0.07434210526315789
1 0.505615234375 0.37006578947368424 0.017822265625 0.058223684210526316
1 0.69384765625 0.32302631578947366 0.011474609375 0.034868421052631576
1 0.1337890625 0.4098684210526316 0.033447265625 0.07368421052631578
1 0.03955078125 0.5506578947368421 0.075927734375 0.1611842105263158
1 0.016845703125 0.4384868421052632 0.03173828125 0.0868421052631579