1 0.092529296875 0.325 0.028076171875 0.13815789473684212
1 0.20556640625 0.2243421052631579 0.022216796875 0.06447368421052632
1 0.2275390625 0.22401315789473683 0.032470703125 0.07302631578947369
1 0.349609375 0.20559210526315788 0.014404296875 0.0625
1 0.37158203125 0.18618421052631579 0.01416015625 0.05
1 0.40576171875 0.18947368421052632 0.01025390625 0.05526315789473684
1 0.40234375 0.18157894736842106 0.00439453125 0.046052631578947366
1 0.414306640625 0.20526315789473684 0.018798828125 0.05921052631578947
1 0.45751953125 0.18980263157894736 0.009521484375 0.049342105263157895
1 0.53076171875 0.2118421052631579 0.01220703125 0.05921052631578947
1 0.585693359375 0.20460526315789473 0.009521484375 0.04868421052631579
1 0.57275390625 0.19342105263157894 0.010009765625 0.039473684210526314