1 0.029296875 0.3924342105263158 0.033203125 0.17828947368421053
1 0.149169921875 0.2513157894736842 0.021728515625 0.09210526315789473
1 0.197998046875 0.29473684210526313 0.029296875 0.11578947368421053
1 0.2392578125 0.21842105263157896 0.02001953125 0.075
0 0.333251953125 0.35 0.016357421875 0.017105263157894738
1 0.326171875 0.20921052631578949 0.01416015625 0.06842105263157895
1 0.3623046875 0.20921052631578949 0.012939453125 0.06315789473684211
1 0.51025390625 0.31217105263157896 0.021484375 0.12828947368421054
1 0.439697265625 0.2509868421052632 0.020751953125 0.09407894736842105
1 0.43701171875 0.19177631578947368 0.011474609375 0.05460526315789474
1 0.52392578125 0.2019736842105263 0.00927734375 0.05
1 0.5859375 0.1930921052631579 0.007080078125 0.04144736842105263
1 0.631591796875 0.22861842105263158 0.01171875 0.05986842105263158