0 0.155029296875 0.2878289473684211 0.006591796875 0.0125
1 0.11083984375 0.26776315789473687 0.02734375 0.09473684210526316
1 0.087158203125 0.3427631578947368 0.026611328125 0.14078947368421052
1 0.213623046875 0.22105263157894736 0.02099609375 0.07105263157894737
1 0.374267578125 0.225 0.013427734375 0.07631578947368421
1 0.41455078125 0.21710526315789475 0.013427734375 0.06842105263157895
1 0.43798828125 0.2743421052631579 0.02392578125 0.11052631578947368
1 0.4404296875 0.20460526315789473 0.01171875 0.05394736842105263
1 0.514892578125 0.2819078947368421 0.025146484375 0.10986842105263157
1 0.558349609375 0.24638157894736842 0.017822265625 0.07697368421052632
1 0.55322265625 0.24276315789473685 0.021484375 0.08026315789473684