0 0.44677734375 0.21546052631578946 0.00439453125 0.007236842105263158
1 0.10400390625 0.34901315789473686 0.034423828125 0.1506578947368421
1 0.4326171875 0.22269736842105264 0.017333984375 0.07171052631578947
1 0.453125 0.1980263157894737 0.01171875 0.04473684210526316
1 0.504150390625 0.2256578947368421 0.023681640625 0.06578947368421052
1 0.52734375 0.20625 0.01171875 0.049342105263157895
1 0.546630859375 0.23355263157894737 0.015625 0.07368421052631578
1 0.556640625 0.1980263157894737 0.01025390625 0.04078947368421053
1 0.508544921875 0.19046052631578947 0.010986328125 0.03223684210526316
1 0.64404296875 0.23092105263157894 0.00927734375 0.05394736842105263
1 0.679443359375 0.23980263157894738 0.014404296875 0.05460526315789474
1 0.364501953125 0.19769736842105262 0.014404296875 0.04802631578947368
1 0.391357421875 0.20032894736842105 0.01708984375 0.057236842105263155