0 0.510009765625 0.3963815789473684 0.00634765625 0.008223684210526315
1 0.459228515625 0.4042763157894737 0.033935546875 0.0680921052631579
1 0.410400390625 0.3805921052631579 0.018798828125 0.058223684210526316
1 0.398193359375 0.36875 0.010986328125 0.055592105263157894
1 0.406005859375 0.35888157894736844 0.01611328125 0.04736842105263158
1 0.564697265625 0.3796052631578947 0.0322265625 0.05361842105263158
1 0.561767578125 0.3473684210526316 0.012939453125 0.034868421052631576
1 0.5068359375 0.35526315789473684 0.0146484375 0.04243421052631579
1 0.64990234375 0.41151315789473686 0.043701171875 0.10361842105263158
1 0.714599609375 0.3493421052631579 0.019775390625 0.05986842105263158
1 0.66845703125 0.32401315789473684 0.0087890625 0.035526315789473684