1 0.1015625 0.5710526315789474 0.06982421875 0.18388157894736842
1 0.58056640625 0.6993421052631579 0.1025390625 0.3417763157894737
1 0.0546875 0.4421052631578947 0.03857421875 0.10197368421052631
1 0.25927734375 0.42697368421052634 0.027099609375 0.09309210526315789
1 0.284423828125 0.3875 0.020751953125 0.06381578947368421
1 0.395751953125 0.39013157894736844 0.018798828125 0.07236842105263158
1 0.45556640625 0.41973684210526313 0.03271484375 0.09802631578947368
1 0.5263671875 0.3759868421052632 0.020263671875 0.06743421052631579
0 0.203369140625 0.6542763157894737 0.0224609375 0.02763157894736842
1 0.629150390625 0.4381578947368421 0.04052734375 0.1194078947368421
1 0.613037109375 0.4055921052631579 0.02392578125 0.10427631578947369
1 0.5400390625 0.36085526315789473 0.012451171875 0.05493421052631579
1 0.69140625 0.31842105263157894 0.0078125 0.02993421052631579