1 0.15234375 0.30855263157894736 0.032470703125 0.13421052631578947
1 0.365966796875 0.19210526315789472 0.012939453125 0.05789473684210526
1 0.4189453125 0.18552631578947368 0.01171875 0.04736842105263158
1 0.431884765625 0.17664473684210527 0.0078125 0.04144736842105263
1 0.44921875 0.17960526315789474 0.0107421875 0.038157894736842106
0 0.459716796875 0.19375 0.0029296875 0.0059210526315789476
1 0.462890625 0.17796052631578949 0.00927734375 0.03618421052631579
1 0.5166015625 0.1986842105263158 0.010986328125 0.05394736842105263
1 0.547119140625 0.21480263157894736 0.011474609375 0.057236842105263155
1 0.556884765625 0.225 0.01025390625 0.06447368421052632
1 0.557373046875 0.22105263157894736 0.013427734375 0.05789473684210526
1 0.57861328125 0.19276315789473683 0.00634765625 0.039473684210526314
1 0.60400390625 0.2075657894736842 0.01025390625 0.049342105263157895