1 0.0361328125 0.5121710526315789 0.04638671875 0.1493421052631579
1 0.281005859375 0.4161184210526316 0.026611328125 0.09013157894736842
1 0.5 0.36578947368421055 0.015625 0.05756578947368421
1 0.603759765625 0.39375 0.02294921875 0.09013157894736842
1 0.651123046875 0.3519736842105263 0.0166015625 0.054276315789473686
1 0.694580078125 0.3703947368421053 0.0224609375 0.0756578947368421
1 0.726806640625 0.34868421052631576 0.019287109375 0.05690789473684211
1 0.765869140625 0.40888157894736843 0.042236328125 0.1069078947368421
1 0.796142578125 0.3773026315789474 0.03173828125 0.0868421052631579
1 0.715576171875 0.3226973684210526 0.011474609375 0.038157894736842106
1 0.820556640625 0.33651315789473685 0.01513671875 0.04506578947368421
1 0.849853515625 0.33322368421052634 0.020263671875 0.04572368421052632