0 0.39892578125 0.4621710526315789 0.010498046875 0.013157894736842105
1 0.174072265625 0.41217105263157894 0.02392578125 0.04375
1 0.25537109375 0.4151315789473684 0.021240234375 0.07763157894736843
1 0.34521484375 0.4292763157894737 0.02197265625 0.08486842105263158
1 0.336669921875 0.39210526315789473 0.01513671875 0.06315789473684211
1 0.358154296875 0.4174342105263158 0.0224609375 0.08881578947368421
1 0.4052734375 0.4098684210526316 0.02197265625 0.054276315789473686
1 0.385009765625 0.37763157894736843 0.017822265625 0.05986842105263158
1 0.440673828125 0.36973684210526314 0.02490234375 0.05756578947368421
1 0.5537109375 0.37335526315789475 0.015625 0.06875
1 0.5947265625 0.35427631578947366 0.015625 0.05131578947368421
1 0.6923828125 0.3207236842105263 0.0078125 0.033223684210526315