0 0.773681640625 0.36348684210526316 0.005615234375 0.00625
1 0.064208984375 0.4990131578947368 0.0546875 0.1355263157894737
1 0.376220703125 0.36447368421052634 0.0224609375 0.054276315789473686
1 0.451416015625 0.39572368421052634 0.0224609375 0.0805921052631579
1 0.46337890625 0.3648026315789474 0.012939453125 0.05625
1 0.5068359375 0.3493421052631579 0.012451171875 0.05
1 0.53515625 0.3717105263157895 0.026611328125 0.05625
1 0.604248046875 0.3430921052631579 0.015625 0.044407894736842105
1 0.61962890625 0.35723684210526313 0.019287109375 0.05493421052631579
1 0.63427734375 0.3335526315789474 0.013427734375 0.039473684210526314
1 0.65087890625 0.34539473684210525 0.018310546875 0.0506578947368421
1 0.698486328125 0.3194078947368421 0.00927734375 0.033223684210526315
1 0.786865234375 0.34210526315789475 0.0146484375 0.049342105263157895