0 0.3408203125 0.39276315789473687 0.004638671875 0.00625
1 0.14599609375 0.4273026315789474 0.0244140625 0.08256578947368422
1 0.2705078125 0.4569078947368421 0.041259765625 0.12368421052631579
1 0.22265625 0.3881578947368421 0.01416015625 0.0625
1 0.2919921875 0.3825657894736842 0.021240234375 0.054276315789473686
1 0.335693359375 0.39276315789473687 0.020263671875 0.06184210526315789
1 0.3740234375 0.37236842105263157 0.018798828125 0.054276315789473686
1 0.384033203125 0.3917763157894737 0.025634765625 0.07631578947368421
1 0.491455078125 0.40625 0.0244140625 0.08881578947368421
1 0.517822265625 0.35789473684210527 0.017822265625 0.0506578947368421
1 0.5712890625 0.4463815789473684 0.033447265625 0.12631578947368421
1 0.700439453125 0.31973684210526315 0.00830078125 0.03256578947368421