1 0.16162109375 0.33848684210526314 0.032470703125 0.15855263157894736
1 0.385009765625 0.2355263157894737 0.021484375 0.09210526315789473
1 0.360107421875 0.2 0.017333984375 0.06315789473684211
1 0.46142578125 0.23421052631578948 0.01513671875 0.075
1 0.44384765625 0.19111842105263158 0.009521484375 0.05460526315789474
1 0.4921875 0.26052631578947366 0.033203125 0.08947368421052632
1 0.57275390625 0.24868421052631579 0.016357421875 0.07763157894736843
1 0.61865234375 0.22598684210526315 0.013427734375 0.057236842105263155
1 0.552490234375 0.20723684210526316 0.013427734375 0.04736842105263158
1 0.58935546875 0.19605263157894737 0.00927734375 0.039473684210526314
1 0.57275390625 0.2355263157894737 0.017822265625 0.06842105263157895
0 0.582763671875 0.25493421052631576 0.00439453125 0.009868421052631578
1 0.278564453125 0.21973684210526315 0.0126953125 0.07763157894736843