0 0.66064453125 0.24177631578947367 0.005615234375 0.008223684210526315
1 0.0517578125 0.47401315789473686 0.058837890625 0.11447368421052631
1 0.177978515625 0.40361842105263157 0.03076171875 0.07236842105263158
1 0.280517578125 0.4016447368421053 0.025634765625 0.07434210526315789
1 0.391845703125 0.42532894736842103 0.033935546875 0.09638157894736842
1 0.411376953125 0.3963815789473684 0.017822265625 0.06677631578947368
1 0.43359375 0.3881578947368421 0.01611328125 0.075
1 0.432861328125 0.36282894736842103 0.020751953125 0.05197368421052632
1 0.497314453125 0.35625 0.017822265625 0.05131578947368421
1 0.5322265625 0.5164473684210527 0.060302734375 0.1769736842105263
1 0.672607421875 0.34868421052631576 0.019287109375 0.05
1 0.68798828125 0.32302631578947366 0.011474609375 0.0375
1 0.7490234375 0.34111842105263157 0.02294921875 0.044407894736842105