1 0.0537109375 0.45723684210526316 0.0458984375 0.09638157894736842
1 0.223388671875 0.4453947368421053 0.043701171875 0.10756578947368421
1 0.271728515625 0.43125 0.0537109375 0.09309210526315789
1 0.188720703125 0.41710526315789476 0.03271484375 0.07993421052631579
1 0.24658203125 0.38980263157894735 0.018310546875 0.05493421052631579
1 0.32763671875 0.39671052631578946 0.0166015625 0.06875
1 0.334716796875 0.3861842105263158 0.018310546875 0.06381578947368421
1 0.37158203125 0.37467105263157896 0.01611328125 0.05625
1 0.558837890625 0.39375 0.0166015625 0.08190789473684211
1 0.57421875 0.3611842105263158 0.01611328125 0.04013157894736842
1 0.700927734375 0.3203947368421053 0.010498046875 0.035526315789473684
0 0.141357421875 0.4934210526315789 0.011962890625 0.013157894736842105