1 0.057373046875 0.37006578947368424 0.028076171875 0.16776315789473684
1 0.21142578125 0.23519736842105263 0.016357421875 0.08881578947368421
1 0.387939453125 0.24769736842105264 0.02734375 0.08223684210526316
1 0.36767578125 0.22960526315789473 0.0224609375 0.08289473684210526
1 0.303955078125 0.20592105263157895 0.0126953125 0.06842105263157895
1 0.41064453125 0.23519736842105263 0.01953125 0.06907894736842106
1 0.45166015625 0.2792763157894737 0.021484375 0.10723684210526316
1 0.435546875 0.1924342105263158 0.01171875 0.05460526315789474
1 0.494384765625 0.2792763157894737 0.031005859375 0.10197368421052631
1 0.53369140625 0.20098684210526316 0.010986328125 0.04802631578947368
1 0.583740234375 0.19407894736842105 0.00927734375 0.038157894736842106
1 0.623779296875 0.22861842105263158 0.016357421875 0.05986842105263158
0 0.394287109375 0.28157894736842104 0.00732421875 0.013157894736842105