0 0.64501953125 0.42598684210526316 0.0087890625 0.011842105263157895
1 0.302001953125 0.39144736842105265 0.020751953125 0.0700657894736842
1 0.39306640625 0.37105263157894736 0.012939453125 0.05756578947368421
1 0.4189453125 0.3825657894736842 0.0224609375 0.06381578947368421
1 0.450439453125 0.36348684210526316 0.012451171875 0.05197368421052632
1 0.46435546875 0.3605263157894737 0.01513671875 0.04736842105263158
1 0.53759765625 0.3506578947368421 0.020751953125 0.04868421052631579
1 0.56201171875 0.36875 0.015625 0.06118421052631579
1 0.565673828125 0.4006578947368421 0.04052734375 0.09013157894736842
1 0.682861328125 0.3236842105263158 0.012451171875 0.033223684210526315
1 0.719970703125 0.34539473684210525 0.018310546875 0.05625