0 0.6796875 0.3881578947368421 0.00634765625 0.006907894736842105
1 0.439697265625 0.40921052631578947 0.02197265625 0.0868421052631579
1 0.443603515625 0.3730263157894737 0.01708984375 0.06118421052631579
1 0.461181640625 0.35230263157894737 0.018310546875 0.01875
1 0.540283203125 0.4049342105263158 0.020263671875 0.09013157894736842
1 0.546142578125 0.37236842105263157 0.01416015625 0.05690789473684211
1 0.60595703125 0.4006578947368421 0.021240234375 0.08881578947368421
1 0.604248046875 0.3516447368421053 0.010498046875 0.039473684210526314
1 0.63427734375 0.3717105263157895 0.033447265625 0.06315789473684211
1 0.73779296875 0.3371710526315789 0.018310546875 0.04802631578947368
1 0.68408203125 0.32171052631578945 0.011962890625 0.03684210526315789
1 0.67529296875 0.36217105263157895 0.027587890625 0.05493421052631579