0 0.591552734375 0.2970394736842105 0.00634765625 0.0125
1 0.21142578125 0.34375 0.0302734375 0.14539473684210527
1 0.34326171875 0.23125 0.01220703125 0.08092105263157895
1 0.462890625 0.25592105263157894 0.023193359375 0.08157894736842106
1 0.445556640625 0.21875 0.021484375 0.07302631578947369
1 0.440185546875 0.20526315789473684 0.013427734375 0.05921052631578947
1 0.462890625 0.2036184210526316 0.010009765625 0.05855263157894737
1 0.50341796875 0.24901315789473685 0.016357421875 0.08223684210526316
1 0.5126953125 0.2236842105263158 0.01416015625 0.06842105263157895
1 0.528076171875 0.24736842105263157 0.023681640625 0.07368421052631578
1 0.598388671875 0.2611842105263158 0.0185546875 0.07763157894736843
1 0.611328125 0.25493421052631576 0.013427734375 0.07697368421052632
1 0.58203125 0.20296052631578948 0.01025390625 0.04144736842105263