1 0.364013671875 0.4075657894736842 0.027099609375 0.0694078947368421
0 0.489013671875 0.38848684210526313 0.00634765625 0.007565789473684211
1 0.516357421875 0.36282894736842103 0.020263671875 0.049342105263157895
1 0.5498046875 0.38552631578947366 0.026611328125 0.07072368421052631
1 0.56298828125 0.36644736842105263 0.029052734375 0.05493421052631579
1 0.57373046875 0.3483552631578947 0.01708984375 0.0506578947368421
1 0.6064453125 0.3526315789473684 0.01708984375 0.05263157894736842
1 0.694091796875 0.36776315789473685 0.0234375 0.07138157894736842
1 0.718505859375 0.33223684210526316 0.01513671875 0.04243421052631579
1 0.779541015625 0.34638157894736843 0.0224609375 0.055592105263157894
1 0.706298828125 0.3194078947368421 0.00732421875 0.033223684210526315
1 0.694091796875 0.33157894736842103 0.010986328125 0.02138157894736842