0 0.349853515625 0.32302631578947366 0.010986328125 0.0125
1 0.081787109375 0.4621710526315789 0.07177734375 0.0993421052631579
1 0.150146484375 0.4055921052631579 0.0244140625 0.07368421052631578
1 0.25244140625 0.40592105263157896 0.03173828125 0.07138157894736842
1 0.37744140625 0.5453947368421053 0.068115234375 0.18125
1 0.3681640625 0.41875 0.043701171875 0.07927631578947368
1 0.37451171875 0.36907894736842106 0.018798828125 0.05625
1 0.385498046875 0.39407894736842103 0.0146484375 0.07302631578947369
1 0.4169921875 0.3868421052631579 0.0224609375 0.07236842105263158
1 0.40625 0.37006578947368424 0.020751953125 0.054276315789473686
1 0.64599609375 0.3526315789473684 0.01416015625 0.054276315789473686
1 0.675048828125 0.3236842105263158 0.013427734375 0.04013157894736842
1 0.75048828125 0.3394736842105263 0.034423828125 0.04868421052631579