0 0.700439453125 0.4319078947368421 0.01025390625 0.017763157894736842
1 0.194580078125 0.38125 0.04296875 0.14144736842105263
1 0.312744140625 0.2381578947368421 0.0166015625 0.0868421052631579
1 0.4208984375 0.2355263157894737 0.017822265625 0.09078947368421053
1 0.43701171875 0.20723684210526316 0.015625 0.06184210526315789
1 0.47607421875 0.2042763157894737 0.010009765625 0.057236842105263155
1 0.4873046875 0.28651315789473686 0.021484375 0.11513157894736842
1 0.506103515625 0.2601973684210526 0.015869140625 0.09539473684210527
1 0.57080078125 0.20230263157894737 0.008544921875 0.04144736842105263
1 0.57275390625 0.24539473684210528 0.016357421875 0.07894736842105263
1 0.5810546875 0.3203947368421053 0.032958984375 0.12105263157894737
1 0.622314453125 0.37105263157894736 0.031005859375 0.14736842105263157
1 0.634521484375 0.2776315789473684 0.0185546875 0.09342105263157895