0 0.120361328125 0.36907894736842106 0.00927734375 0.017105263157894738
1 0.1201171875 0.26217105263157897 0.021484375 0.0875
1 0.150390625 0.3207236842105263 0.03515625 0.1256578947368421
1 0.220703125 0.3226973684210526 0.03857421875 0.0993421052631579
1 0.248046875 0.34342105263157896 0.046875 0.04078947368421053
1 0.376220703125 0.2848684210526316 0.01708984375 0.11842105263157894
1 0.290771484375 0.21052631578947367 0.014404296875 0.06842105263157895
1 0.39892578125 0.23519736842105263 0.01513671875 0.05197368421052632
1 0.439208984375 0.20723684210526316 0.0107421875 0.06315789473684211
1 0.517333984375 0.23684210526315788 0.01708984375 0.07368421052631578
1 0.529296875 0.2348684210526316 0.015869140625 0.07894736842105263
1 0.51416015625 0.20559210526315788 0.00927734375 0.0506578947368421
1 0.586181640625 0.26085526315789476 0.017822265625 0.08223684210526316