1 0.13232421875 0.3325657894736842 0.04248046875 0.1493421052631579
1 0.244140625 0.2381578947368421 0.016357421875 0.09210526315789473
1 0.6572265625 0.2338815789473684 0.0126953125 0.057236842105263155
1 0.58544921875 0.19506578947368422 0.010986328125 0.04013157894736842
1 0.564453125 0.2532894736842105 0.021484375 0.0868421052631579
1 0.4814453125 0.23355263157894737 0.02001953125 0.07368421052631578
1 0.524169921875 0.21348684210526317 0.012939453125 0.05986842105263158
1 0.521484375 0.2069078947368421 0.009521484375 0.05460526315789474
1 0.520263671875 0.1930921052631579 0.008056640625 0.04802631578947368
1 0.417724609375 0.20855263157894738 0.01220703125 0.06710526315789474
1 0.461669921875 0.19901315789473684 0.00927734375 0.05460526315789474
1 0.470458984375 0.21710526315789475 0.01171875 0.07105263157894737
0 0.467041015625 0.24473684210526317 0.005126953125 0.010526315789473684