0 0.610595703125 0.36348684210526316 0.003662109375 0.00625
1 0.43505859375 0.37006578947368424 0.012939453125 0.05986842105263158
1 0.45703125 0.35230263157894737 0.019287109375 0.017434210526315788
1 0.562744140625 0.3828947368421053 0.020263671875 0.0756578947368421
1 0.570556640625 0.36644736842105263 0.012939453125 0.05625
1 0.554443359375 0.33519736842105263 0.010009765625 0.03125
1 0.60693359375 0.3401315789473684 0.011962890625 0.0375
1 0.622314453125 0.3450657894736842 0.013427734375 0.04572368421052632
1 0.68896484375 0.3394736842105263 0.018798828125 0.044407894736842105
1 0.6923828125 0.33092105263157895 0.010986328125 0.03125
1 0.70263671875 0.31973684210526315 0.011474609375 0.03125
1 0.79833984375 0.33322368421052634 0.019775390625 0.05