0 0.046142578125 0.5013157894736842 0.01416015625 0.015131578947368421
1 0.155029296875 0.42828947368421055 0.042236328125 0.07302631578947369
1 0.23046875 0.43717105263157896 0.0556640625 0.09802631578947368
1 0.2509765625 0.4473684210526316 0.0322265625 0.1069078947368421
1 0.314208984375 0.4016447368421053 0.020263671875 0.07434210526315789
1 0.20751953125 0.3930921052631579 0.020263671875 0.06118421052631579
1 0.33203125 0.3848684210526316 0.020263671875 0.06118421052631579
1 0.371826171875 0.3769736842105263 0.0166015625 0.054276315789473686
1 0.55029296875 0.3960526315789474 0.01708984375 0.08388157894736842
1 0.573486328125 0.36151315789473687 0.015625 0.04111842105263158
1 0.700439453125 0.3203947368421053 0.011474609375 0.03388157894736842