0 0.772216796875 0.3394736842105263 0.003662109375 0.0042763157894736845
1 0.33349609375 0.3851973684210526 0.021240234375 0.0700657894736842
1 0.45703125 0.35230263157894737 0.019287109375 0.01875
1 0.539794921875 0.35526315789473684 0.011962890625 0.0506578947368421
1 0.5654296875 0.34078947368421053 0.011962890625 0.04111842105263158
1 0.61181640625 0.35 0.0087890625 0.05131578947368421
1 0.59423828125 0.3358552631578947 0.00830078125 0.04111842105263158
1 0.63134765625 0.32861842105263156 0.010498046875 0.03881578947368421
1 0.78125 0.3243421052631579 0.011474609375 0.04177631578947368
1 0.744384765625 0.32960526315789473 0.012451171875 0.039473684210526314
1 0.702880859375 0.3263157894736842 0.0087890625 0.0375
1 0.7119140625 0.3167763157894737 0.010498046875 0.03190789473684211