0 0.515625 0.20657894736842106 0.002685546875 0.003947368421052632
1 0.173828125 0.3111842105263158 0.031005859375 0.12631578947368421
1 0.32568359375 0.20789473684210527 0.01220703125 0.06710526315789474
1 0.33349609375 0.19539473684210526 0.0087890625 0.05394736842105263
1 0.389892578125 0.23453947368421052 0.01953125 0.08486842105263158
1 0.422607421875 0.2019736842105263 0.0107421875 0.06184210526315789
1 0.4384765625 0.19473684210526315 0.0107421875 0.05131578947368421
1 0.474365234375 0.17828947368421053 0.00927734375 0.031578947368421054
1 0.50244140625 0.20921052631578949 0.011474609375 0.056578947368421055
1 0.48583984375 0.23980263157894738 0.01513671875 0.08092105263157895
1 0.555419921875 0.19901315789473684 0.01416015625 0.04407894736842105
1 0.573486328125 0.25296052631578947 0.019287109375 0.0861842105263158
1 0.61279296875 0.2444078947368421 0.0185546875 0.07039473684210526