1 0.141357421875 0.3144736842105263 0.0263671875 0.1368421052631579
1 0.39453125 0.18848684210526315 0.019287109375 0.049342105263157895
1 0.430908203125 0.17796052631578949 0.01025390625 0.04276315789473684
0 0.435791015625 0.19736842105263158 0.00341796875 0.006578947368421052
1 0.456298828125 0.1805921052631579 0.006591796875 0.0375
1 0.46142578125 0.18717105263157896 0.007080078125 0.04276315789473684
1 0.497314453125 0.21644736842105264 0.01416015625 0.056578947368421055
1 0.4873046875 0.2082236842105263 0.0166015625 0.057236842105263155
1 0.47705078125 0.18519736842105264 0.01171875 0.04671052631578947
1 0.489013671875 0.17828947368421053 0.008056640625 0.02631578947368421
1 0.523681640625 0.2075657894736842 0.0126953125 0.0506578947368421
1 0.55615234375 0.1930921052631579 0.00732421875 0.04013157894736842
1 0.5673828125 0.19046052631578947 0.00732421875 0.03881578947368421