0 0.21923828125 0.2493421052631579 0.005615234375 0.009210526315789473
1 0.052978515625 0.2891447368421053 0.022216796875 0.10197368421052631
1 0.076904296875 0.26348684210526313 0.014892578125 0.08486842105263158
1 0.13330078125 0.36578947368421055 0.04248046875 0.1723684210526316
1 0.234375 0.22236842105263158 0.013427734375 0.06578947368421052
1 0.23046875 0.21842105263157896 0.015869140625 0.07105263157894737
1 0.304443359375 0.2388157894736842 0.0166015625 0.08157894736842106
1 0.4033203125 0.20032894736842105 0.015869140625 0.05592105263157895
1 0.462158203125 0.19506578947368422 0.009521484375 0.05197368421052632
1 0.472900390625 0.26085526315789476 0.022216796875 0.09671052631578947
1 0.55029296875 0.1924342105263158 0.01025390625 0.0375
1 0.607421875 0.21973684210526315 0.014404296875 0.05131578947368421
1 0.613525390625 0.2532894736842105 0.016357421875 0.07894736842105263