1 0.04833984375 0.3773026315789474 0.028076171875 0.1730263157894737
1 0.1845703125 0.2430921052631579 0.021484375 0.09013157894736842
1 0.271728515625 0.21118421052631578 0.01171875 0.07236842105263158
1 0.47265625 0.3078947368421053 0.035400390625 0.13157894736842105
1 0.4609375 0.26907894736842103 0.01953125 0.09868421052631579
0 0.45654296875 0.35 0.0107421875 0.018421052631578946
1 0.327880859375 0.2582236842105263 0.024658203125 0.09407894736842105
1 0.352294921875 0.21644736842105264 0.015869140625 0.08289473684210526
1 0.383056640625 0.21776315789473685 0.014892578125 0.07105263157894737
1 0.4462890625 0.1930921052631579 0.0107421875 0.05197368421052632
1 0.630859375 0.22828947368421051 0.010986328125 0.060526315789473685
1 0.53173828125 0.20098684210526316 0.0107421875 0.0506578947368421
1 0.58642578125 0.19539473684210526 0.008056640625 0.03684210526315789