0 0.4150390625 0.3786184210526316 0.004150390625 0.005592105263157895
1 0.264404296875 0.39769736842105263 0.01416015625 0.06184210526315789
1 0.342529296875 0.4276315789473684 0.03271484375 0.1013157894736842
1 0.33984375 0.37236842105263157 0.01611328125 0.04572368421052632
1 0.414306640625 0.35888157894736844 0.010009765625 0.04177631578947368
1 0.475830078125 0.35592105263157897 0.020263671875 0.04375
1 0.491943359375 0.34868421052631576 0.010009765625 0.04868421052631579
1 0.512451171875 0.35328947368421054 0.015625 0.02993421052631579
1 0.5234375 0.3917763157894737 0.02197265625 0.07631578947368421
1 0.5244140625 0.3483552631578947 0.0146484375 0.04111842105263158
1 0.68017578125 0.39375 0.028076171875 0.09177631578947368
1 0.68798828125 0.3194078947368421 0.00634765625 0.033223684210526315