0 0.52001953125 0.29967105263157895 0.006591796875 0.0125
1 0.156005859375 0.35625 0.03857421875 0.16776315789473684
1 0.2490234375 0.34638157894736843 0.030029296875 0.18618421052631579
1 0.234130859375 0.21776315789473685 0.01025390625 0.07236842105263158
1 0.362060546875 0.20394736842105263 0.01025390625 0.06184210526315789
1 0.370361328125 0.2338815789473684 0.015869140625 0.07697368421052632
1 0.449462890625 0.26282894736842105 0.024658203125 0.10197368421052631
1 0.450439453125 0.20592105263157895 0.01416015625 0.05
1 0.45556640625 0.20230263157894737 0.009521484375 0.057236842105263155
1 0.518310546875 0.2519736842105263 0.029296875 0.07631578947368421
1 0.53076171875 0.2638157894736842 0.020263671875 0.09736842105263158
1 0.59033203125 0.2026315789473684 0.008544921875 0.039473684210526314