0 0.249267578125 0.27598684210526314 0.006591796875 0.01381578947368421
1 0.137451171875 0.3023026315789474 0.035888671875 0.0993421052631579
1 0.21533203125 0.24144736842105263 0.02587890625 0.07894736842105263
1 0.310546875 0.23092105263157894 0.013671875 0.07105263157894737
1 0.371337890625 0.2305921052631579 0.022216796875 0.07171052631578947
1 0.4052734375 0.20032894736842105 0.01416015625 0.05855263157894737
1 0.41357421875 0.19638157894736843 0.0078125 0.05460526315789474
1 0.483154296875 0.2338815789473684 0.014404296875 0.07960526315789473
1 0.495849609375 0.20164473684210527 0.010009765625 0.053289473684210525
1 0.501220703125 0.21085526315789474 0.01171875 0.057236842105263155
1 0.550048828125 0.2013157894736842 0.00927734375 0.04473684210526316
1 0.62841796875 0.23289473684210527 0.014404296875 0.06315789473684211
1 0.6298828125 0.2236842105263158 0.012939453125 0.05263157894736842