1 0.593505859375 0.55625 0.068115234375 0.2
0 0.601806640625 0.6085526315789473 0.011962890625 0.024342105263157894
1 0.647705078125 0.4664473684210526 0.044189453125 0.1424342105263158
1 0.750732421875 0.4832236842105263 0.050537109375 0.16381578947368422
1 0.4853515625 0.3894736842105263 0.017822265625 0.07072368421052631
1 0.459228515625 0.375 0.0087890625 0.04572368421052632
1 0.468994140625 0.3713815789473684 0.01416015625 0.05986842105263158
1 0.4765625 0.35328947368421054 0.010498046875 0.03125
1 0.239501953125 0.4174342105263158 0.028076171875 0.08322368421052631
1 0.69921875 0.39539473684210524 0.02978515625 0.0881578947368421
1 0.693603515625 0.32467105263157897 0.011962890625 0.03684210526315789
1 0.75146484375 0.3651315789473684 0.026123046875 0.07236842105263158