0 0.158935546875 0.6088815789473684 0.019775390625 0.029276315789473685
1 0.434326171875 0.4963815789473684 0.0625 0.1417763157894737
1 0.31689453125 0.41578947368421054 0.028564453125 0.08947368421052632
1 0.331298828125 0.3888157894736842 0.0146484375 0.06513157894736842
1 0.260009765625 0.3917763157894737 0.017822265625 0.06677631578947368
1 0.26220703125 0.3930921052631579 0.027587890625 0.0625
1 0.42822265625 0.3960526315789474 0.015625 0.07434210526315789
1 0.45751953125 0.3536184210526316 0.018310546875 0.019407894736842107
1 0.454833984375 0.4394736842105263 0.025634765625 0.10559210526315789
1 0.4970703125 0.41710526315789476 0.02978515625 0.10197368421052631
1 0.53662109375 0.4006578947368421 0.0234375 0.0875
1 0.6875 0.32335526315789476 0.012451171875 0.039473684210526314