0 0.40380859375 0.38125 0.004638671875 0.005592105263157895
1 0.188720703125 0.4138157894736842 0.01708984375 0.07368421052631578
1 0.2919921875 0.3773026315789474 0.01708984375 0.06184210526315789
1 0.303955078125 0.44605263157894737 0.0380859375 0.11315789473684211
1 0.375 0.36973684210526314 0.020751953125 0.049342105263157895
1 0.406982421875 0.36348684210526316 0.0224609375 0.04638157894736842
1 0.4287109375 0.3726973684210526 0.020751953125 0.05493421052631579
1 0.4423828125 0.37467105263157896 0.026611328125 0.060526315789473685
1 0.5029296875 0.3973684210526316 0.0224609375 0.08190789473684211
1 0.5048828125 0.35 0.010986328125 0.0430921052631579
1 0.615966796875 0.42697368421052634 0.03271484375 0.10427631578947369
1 0.695556640625 0.3200657894736842 0.0078125 0.034868421052631576