0 0.432861328125 0.2546052631578947 0.0048828125 0.010526315789473684
1 0.219970703125 0.3006578947368421 0.021484375 0.13289473684210526
1 0.24267578125 0.32467105263157897 0.031494140625 0.16513157894736843
1 0.2705078125 0.21052631578947367 0.01513671875 0.06710526315789474
1 0.36767578125 0.2026315789473684 0.0087890625 0.06184210526315789
1 0.42333984375 0.22796052631578947 0.018798828125 0.06907894736842106
1 0.443115234375 0.20230263157894737 0.0126953125 0.05592105263157895
1 0.475830078125 0.25164473684210525 0.01806640625 0.09144736842105264
1 0.56396484375 0.26348684210526313 0.02587890625 0.09407894736842105
1 0.547607421875 0.25493421052631576 0.01513671875 0.08092105263157895
1 0.59814453125 0.2049342105263158 0.010009765625 0.04013157894736842
1 0.498779296875 0.2125 0.010009765625 0.05921052631578947