1 0.015625 0.38125 0.0302734375 0.15986842105263158
0 0.04931640625 0.4375 0.01220703125 0.021052631578947368
1 0.18603515625 0.3049342105263158 0.02294921875 0.12960526315789472
1 0.25146484375 0.2848684210526316 0.029541015625 0.12105263157894737
1 0.257080078125 0.24210526315789474 0.022216796875 0.09210526315789473
1 0.340576171875 0.21085526315789474 0.010986328125 0.07302631578947369
1 0.3974609375 0.20592105263157895 0.014892578125 0.06710526315789474
1 0.465087890625 0.30296052631578946 0.020263671875 0.1401315789473684
1 0.523193359375 0.4342105263157895 0.0625 0.2118421052631579
1 0.541259765625 0.2713815789473684 0.031494140625 0.1006578947368421
1 0.526611328125 0.20296052631578948 0.01171875 0.0506578947368421
1 0.58349609375 0.19506578947368422 0.008544921875 0.04013157894736842
1 0.603515625 0.23782894736842106 0.015625 0.07302631578947369