1 0.40283203125 0.4042763157894737 0.019287109375 0.08190789473684211
1 0.385009765625 0.3773026315789474 0.019775390625 0.06611842105263158
1 0.53125 0.34111842105263157 0.00927734375 0.034868421052631576
1 0.560302734375 0.3815789473684211 0.02197265625 0.0756578947368421
1 0.577392578125 0.3473684210526316 0.011962890625 0.04572368421052632
1 0.597900390625 0.3430921052631579 0.012451171875 0.05131578947368421
1 0.632568359375 0.3358552631578947 0.01416015625 0.04111842105263158
1 0.676025390625 0.34769736842105264 0.0146484375 0.05197368421052632
1 0.7119140625 0.3516447368421053 0.020751953125 0.05756578947368421
1 0.69775390625 0.3207236842105263 0.010009765625 0.034868421052631576
1 0.719482421875 0.3335526315789474 0.010009765625 0.04111842105263158
0 0.64453125 0.3506578947368421 0.003662109375 0.005592105263157895