0 0.2255859375 0.2532894736842105 0.005126953125 0.009210526315789473
1 0.088134765625 0.275 0.020751953125 0.09736842105263158
1 0.131591796875 0.3243421052631579 0.03369140625 0.13289473684210526
1 0.21923828125 0.2236842105263158 0.02587890625 0.07105263157894737
1 0.330078125 0.22072368421052632 0.020263671875 0.07302631578947369
1 0.43701171875 0.2049342105263158 0.0087890625 0.06118421052631579
1 0.443359375 0.22532894736842105 0.019287109375 0.07434210526315789
1 0.462890625 0.2582236842105263 0.018798828125 0.10328947368421053
1 0.501708984375 0.24736842105263157 0.018798828125 0.08421052631578947
1 0.5654296875 0.27072368421052634 0.02001953125 0.0993421052631579
1 0.57421875 0.23914473684210527 0.025146484375 0.07828947368421052
1 0.580810546875 0.24276315789473685 0.013671875 0.07105263157894737
1 0.63671875 0.22664473684210526 0.0107421875 0.04802631578947368