1 0.182861328125 0.24703947368421053 0.0224609375 0.0861842105263158
1 0.2353515625 0.20328947368421052 0.01220703125 0.06315789473684211
0 0.23681640625 0.22894736842105262 0.0048828125 0.009210526315789473
1 0.2705078125 0.2299342105263158 0.02099609375 0.08223684210526316
1 0.286865234375 0.21842105263157896 0.013427734375 0.075
1 0.3232421875 0.20296052631578948 0.009521484375 0.06513157894736842
1 0.376953125 0.22269736842105264 0.02001953125 0.0861842105263158
1 0.356689453125 0.19506578947368422 0.013671875 0.04671052631578947
1 0.471435546875 0.21447368421052632 0.023193359375 0.06447368421052632
1 0.488037109375 0.2243421052631579 0.0166015625 0.056578947368421055
1 0.57861328125 0.19078947368421054 0.00634765625 0.038157894736842106
1 0.587646484375 0.21611842105263157 0.01171875 0.05592105263157895