1 0.068603515625 0.5894736842105263 0.0703125 0.20559210526315788
1 0.06005859375 0.44671052631578945 0.0390625 0.10361842105263158
1 0.56787109375 0.8039473684210526 0.109375 0.39210526315789473
0 0.3125 0.7628289473684211 0.027099609375 0.03684210526315789
1 0.27734375 0.42138157894736844 0.026611328125 0.09013157894736842
1 0.259521484375 0.3917763157894737 0.01611328125 0.0680921052631579
1 0.395263671875 0.39407894736842103 0.02392578125 0.07302631578947369
1 0.458251953125 0.4105263157894737 0.02490234375 0.0875
1 0.60302734375 0.4351973684210526 0.0478515625 0.12138157894736842
1 0.63330078125 0.4 0.026123046875 0.1013157894736842
1 0.5224609375 0.3759868421052632 0.020751953125 0.06611842105263158
1 0.553466796875 0.36151315789473687 0.020263671875 0.05361842105263158
1 0.69189453125 0.31842105263157894 0.0078125 0.03256578947368421