0 0.413330078125 0.25164473684210525 0.005615234375 0.01118421052631579
1 0.19384765625 0.3243421052631579 0.031005859375 0.14868421052631578
1 0.24853515625 0.3325657894736842 0.035400390625 0.1730263157894737
1 0.25732421875 0.2138157894736842 0.00927734375 0.06973684210526315
1 0.36083984375 0.2075657894736842 0.01708984375 0.053289473684210525
1 0.401123046875 0.23125 0.017333984375 0.0756578947368421
1 0.45654296875 0.20230263157894737 0.010009765625 0.057236842105263155
1 0.477783203125 0.2575657894736842 0.020751953125 0.09671052631578947
1 0.489013671875 0.2138157894736842 0.0126953125 0.06184210526315789
1 0.5322265625 0.2542763157894737 0.016357421875 0.09013157894736842
1 0.537841796875 0.26644736842105265 0.02783203125 0.09868421052631579
1 0.596923828125 0.2042763157894737 0.008056640625 0.04144736842105263