1 0.170166015625 0.3371710526315789 0.03173828125 0.14276315789473684
1 0.329345703125 0.21085526315789474 0.012939453125 0.07171052631578947
1 0.42724609375 0.19967105263157894 0.013427734375 0.057236842105263155
1 0.4560546875 0.22171052631578947 0.016357421875 0.07763157894736843
1 0.506591796875 0.22302631578947368 0.015625 0.07105263157894737
1 0.527587890625 0.24736842105263157 0.01513671875 0.06973684210526315
1 0.450927734375 0.18552631578947368 0.010009765625 0.046052631578947366
1 0.5302734375 0.1986842105263158 0.0126953125 0.04342105263157895
1 0.595703125 0.22664473684210526 0.015625 0.05986842105263158
1 0.60986328125 0.22335526315789472 0.01416015625 0.05592105263157895
1 0.662353515625 0.24671052631578946 0.017822265625 0.06447368421052632
1 0.58984375 0.1944078947368421 0.0087890625 0.0375