1 0.324462890625 0.3963815789473684 0.013427734375 0.075
1 0.56298828125 0.4098684210526316 0.0322265625 0.09572368421052632
1 0.539794921875 0.3888157894736842 0.0234375 0.07072368421052631
1 0.527099609375 0.3782894736842105 0.0146484375 0.06743421052631579
1 0.72705078125 0.3740131578947368 0.03125 0.06447368421052632
1 0.653076171875 0.3819078947368421 0.0322265625 0.07236842105263158
1 0.64453125 0.3763157894736842 0.0244140625 0.07236842105263158
0 0.65869140625 0.4164473684210526 0.0087890625 0.010526315789473684
1 0.55615234375 0.3611842105263158 0.0146484375 0.04868421052631579
1 0.56787109375 0.35230263157894737 0.010986328125 0.0506578947368421
1 0.69091796875 0.35328947368421054 0.0234375 0.04802631578947368
1 0.7021484375 0.3200657894736842 0.00927734375 0.033223684210526315