1 0.41162109375 0.36085526315789473 0.010986328125 0.0506578947368421
1 0.43408203125 0.4230263157894737 0.025634765625 0.09868421052631579
1 0.471923828125 0.4026315789473684 0.029052734375 0.09440789473684211
1 0.51806640625 0.3828947368421053 0.0234375 0.07697368421052632
1 0.594970703125 0.41118421052631576 0.02978515625 0.09309210526315789
1 0.593994140625 0.35789473684210527 0.01513671875 0.04243421052631579
1 0.636962890625 0.37532894736842104 0.020751953125 0.058881578947368424
1 0.638427734375 0.35888157894736844 0.0166015625 0.05
1 0.697998046875 0.3203947368421053 0.010498046875 0.03125
1 0.1669921875 0.4407894736842105 0.042236328125 0.09638157894736842
1 0.45751953125 0.3516447368421053 0.020263671875 0.017434210526315788