1 0.04931640625 0.3828947368421053 0.03515625 0.1631578947368421
1 0.4482421875 0.2069078947368421 0.01171875 0.05592105263157895
1 0.49072265625 0.19835526315789473 0.01025390625 0.049342105263157895
1 0.517333984375 0.2049342105263158 0.01025390625 0.05986842105263158
1 0.508056640625 0.18486842105263157 0.009521484375 0.04078947368421053
1 0.536865234375 0.19407894736842105 0.010986328125 0.046052631578947366
1 0.549560546875 0.2036184210526316 0.009521484375 0.04671052631578947
1 0.5537109375 0.18519736842105264 0.00634765625 0.030921052631578946
1 0.56005859375 0.19473684210526315 0.011474609375 0.042105263157894736
1 0.5732421875 0.20921052631578949 0.010986328125 0.05131578947368421
1 0.612060546875 0.22138157894736843 0.01025390625 0.05460526315789474
1 0.685302734375 0.24111842105263157 0.010986328125 0.03223684210526316