1 0.231689453125 0.2802631578947368 0.0322265625 0.12894736842105264
1 0.415771484375 0.18388157894736842 0.008056640625 0.04671052631578947
1 0.44873046875 0.18552631578947368 0.0078125 0.042105263157894736
1 0.470458984375 0.17993421052631578 0.006591796875 0.0375
1 0.51123046875 0.18717105263157896 0.007080078125 0.04144736842105263
1 0.536865234375 0.19671052631578947 0.00927734375 0.04473684210526316
1 0.57080078125 0.20789473684210527 0.01220703125 0.04868421052631579
1 0.58642578125 0.20296052631578948 0.013671875 0.029605263157894735
0 0.591552734375 0.2049342105263158 0.00341796875 0.0059210526315789476
1 0.556396484375 0.19473684210526315 0.008544921875 0.039473684210526314
1 0.630859375 0.22467105263157894 0.02001953125 0.049342105263157895