1 0.027099609375 0.3960526315789474 0.036865234375 0.17894736842105263
1 0.103759765625 0.31776315789473686 0.032958984375 0.12631578947368421
0 0.124755859375 0.3526315789473684 0.00927734375 0.017105263157894738
1 0.133544921875 0.26085526315789476 0.025146484375 0.0993421052631579
1 0.214111328125 0.2243421052631579 0.01708984375 0.07631578947368421
1 0.334716796875 0.20328947368421052 0.013427734375 0.06842105263157895
1 0.343017578125 0.2042763157894737 0.0107421875 0.06381578947368421
1 0.41943359375 0.24210526315789474 0.01708984375 0.0881578947368421
1 0.50048828125 0.3134868421052632 0.031005859375 0.1375
1 0.427001953125 0.19210526315789472 0.00927734375 0.05394736842105263
1 0.51416015625 0.2026315789473684 0.00927734375 0.05263157894736842
1 0.585693359375 0.19276315789473683 0.00732421875 0.039473684210526314
1 0.630615234375 0.22894736842105262 0.015625 0.060526315789473685