0 0.370849609375 0.20559210526315788 0.003662109375 0.007236842105263158
1 0.15576171875 0.30953947368421053 0.04150390625 0.14276315789473684
1 0.215087890625 0.24868421052631579 0.01806640625 0.0868421052631579
1 0.242431640625 0.23125 0.014404296875 0.07960526315789473
1 0.317626953125 0.29835526315789473 0.02880859375 0.1375
1 0.322265625 0.1930921052631579 0.015869140625 0.05197368421052632
1 0.357177734375 0.1944078947368421 0.01171875 0.05197368421052632
1 0.388427734375 0.20921052631578949 0.0166015625 0.06973684210526315
1 0.408935546875 0.2394736842105263 0.02001953125 0.08421052631578947
1 0.46728515625 0.2049342105263158 0.011474609375 0.05986842105263158
1 0.478271484375 0.26052631578947366 0.01806640625 0.09868421052631579
1 0.55322265625 0.2894736842105263 0.022216796875 0.11973684210526316
1 0.576904296875 0.20230263157894737 0.01025390625 0.04144736842105263