1 0.2607421875 0.3848684210526316 0.018310546875 0.06513157894736842
1 0.3857421875 0.43157894736842106 0.028564453125 0.10625
1 0.427978515625 0.39013157894736844 0.020263671875 0.07236842105263158
1 0.46142578125 0.3759868421052632 0.020751953125 0.06447368421052632
1 0.51513671875 0.34638157894736843 0.015625 0.044407894736842105
1 0.539794921875 0.35657894736842105 0.01611328125 0.05197368421052632
1 0.56201171875 0.3894736842105263 0.020751953125 0.07927631578947368
1 0.5712890625 0.35657894736842105 0.015625 0.05361842105263158
1 0.618408203125 0.35592105263157897 0.012939453125 0.058881578947368424
1 0.671142578125 0.32664473684210527 0.0087890625 0.03684210526315789
1 0.72998046875 0.33026315789473687 0.01416015625 0.04375