0 0.467529296875 0.24375 0.006591796875 0.009868421052631578
1 0.275634765625 0.2993421052631579 0.029296875 0.12631578947368421
1 0.403564453125 0.19506578947368422 0.0107421875 0.04671052631578947
1 0.436279296875 0.22171052631578947 0.01708984375 0.06578947368421052
1 0.453369140625 0.18914473684210525 0.0126953125 0.04671052631578947
1 0.495849609375 0.18717105263157896 0.0087890625 0.04013157894736842
1 0.51611328125 0.2493421052631579 0.015869140625 0.0881578947368421
1 0.53076171875 0.24342105263157895 0.01416015625 0.06842105263157895
1 0.54736328125 0.2138157894736842 0.0126953125 0.05526315789473684
1 0.563232421875 0.24572368421052632 0.014892578125 0.07697368421052632
1 0.587890625 0.21480263157894736 0.017333984375 0.04802631578947368
1 0.60546875 0.21019736842105263 0.0107421875 0.045394736842105265
1 0.619384765625 0.23157894736842105 0.01171875 0.05526315789473684