1 0.35546875 0.3759868421052632 0.018310546875 0.06315789473684211
1 0.4755859375 0.38914473684210527 0.026123046875 0.07302631578947369
1 0.56396484375 0.3348684210526316 0.00927734375 0.034868421052631576
1 0.598876953125 0.34111842105263157 0.010498046875 0.044407894736842105
1 0.635498046875 0.37763157894736843 0.02197265625 0.07927631578947368
0 0.685791015625 0.34375 0.005615234375 0.005592105263157895
1 0.705810546875 0.3536184210526316 0.0146484375 0.05986842105263158
1 0.73876953125 0.34868421052631576 0.018310546875 0.0625
1 0.80224609375 0.3375 0.01708984375 0.054276315789473686
1 0.7861328125 0.32894736842105265 0.01513671875 0.04506578947368421
1 0.7021484375 0.3269736842105263 0.010498046875 0.03618421052631579
1 0.689208984375 0.3200657894736842 0.010009765625 0.033223684210526315