1 0.2548828125 0.4361842105263158 0.0390625 0.09736842105263158
1 0.1748046875 0.41217105263157894 0.0234375 0.04243421052631579
1 0.382080078125 0.4486842105263158 0.0380859375 0.1180921052631579
1 0.35302734375 0.42532894736842103 0.026123046875 0.09506578947368421
1 0.354736328125 0.37006578947368424 0.0166015625 0.03618421052631579
1 0.399169921875 0.4082236842105263 0.0224609375 0.06118421052631579
1 0.47900390625 0.3726973684210526 0.019287109375 0.06743421052631579
1 0.535400390625 0.3815789473684211 0.0166015625 0.07302631578947369
1 0.5947265625 0.3605263157894737 0.012451171875 0.055592105263157894
1 0.692138671875 0.3207236842105263 0.00830078125 0.033223684210526315
0 0.384033203125 0.5786184210526316 0.01708984375 0.025