0 0.356201171875 0.41348684210526315 0.00634765625 0.007565789473684211
1 0.327392578125 0.3993421052631579 0.03173828125 0.06513157894736842
1 0.361083984375 0.38125 0.019287109375 0.0625
1 0.385986328125 0.4069078947368421 0.03125 0.08486842105263158
1 0.396728515625 0.39013157894736844 0.01611328125 0.0680921052631579
1 0.456787109375 0.35230263157894737 0.017822265625 0.017434210526315788
1 0.4580078125 0.40098684210526314 0.02978515625 0.0756578947368421
1 0.5068359375 0.43355263157894736 0.0322265625 0.10756578947368421
1 0.55078125 0.4967105263157895 0.043212890625 0.15493421052631579
1 0.561767578125 0.41348684210526315 0.021240234375 0.09802631578947368
1 0.56103515625 0.4026315789473684 0.02294921875 0.0875
1 0.68798828125 0.32302631578947366 0.013427734375 0.04013157894736842