1 0.194580078125 0.4766447368421053 0.042236328125 0.1299342105263158
1 0.500732421875 0.5128289473684211 0.04736328125 0.15888157894736843
1 0.025146484375 0.5263157894736842 0.049560546875 0.1555921052631579
1 0.6162109375 0.5190789473684211 0.044677734375 0.18125
0 0.704833984375 0.51875 0.01611328125 0.018092105263157895
1 0.7392578125 0.45789473684210524 0.044189453125 0.14802631578947367
1 0.581787109375 0.4276315789473684 0.034423828125 0.10427631578947369
1 0.5029296875 0.4072368421052632 0.021240234375 0.08256578947368422
1 0.474853515625 0.38125 0.0244140625 0.06677631578947368
1 0.531005859375 0.3707236842105263 0.028564453125 0.054276315789473686
1 0.5185546875 0.3638157894736842 0.012939453125 0.044407894736842105
1 0.742919921875 0.3703947368421053 0.03076171875 0.06315789473684211
1 0.694580078125 0.3236842105263158 0.011962890625 0.0375