1 0.35546875 0.3726973684210526 0.01708984375 0.060526315789473685
1 0.470458984375 0.40230263157894736 0.019287109375 0.07993421052631579
1 0.468994140625 0.37006578947368424 0.018310546875 0.04572368421052632
1 0.52587890625 0.36348684210526316 0.01416015625 0.05756578947368421
1 0.520263671875 0.3460526315789474 0.0146484375 0.04111842105263158
1 0.581787109375 0.35460526315789476 0.012451171875 0.05756578947368421
1 0.6025390625 0.37006578947368424 0.018798828125 0.0625
1 0.60986328125 0.34539473684210525 0.00830078125 0.04638157894736842
1 0.643310546875 0.3582236842105263 0.020751953125 0.05690789473684211
1 0.728271484375 0.3358552631578947 0.01513671875 0.049342105263157895
1 0.6953125 0.3223684210526316 0.00927734375 0.034868421052631576
0 0.63427734375 0.3756578947368421 0.005126953125 0.008223684210526315