1 0.45947265625 0.4085526315789474 0.02197265625 0.09111842105263158
1 0.456298828125 0.3651315789473684 0.015625 0.03190789473684211
1 0.56591796875 0.3759868421052632 0.0234375 0.0700657894736842
0 0.573486328125 0.41019736842105264 0.00732421875 0.008881578947368421
1 0.594482421875 0.4052631578947368 0.03271484375 0.09111842105263158
1 0.63916015625 0.40361842105263157 0.026123046875 0.09309210526315789
1 0.624755859375 0.3631578947368421 0.01611328125 0.06118421052631579
1 0.688720703125 0.37236842105263157 0.0244140625 0.07236842105263158
1 0.71240234375 0.3394736842105263 0.018798828125 0.04572368421052632
1 0.728759765625 0.3713815789473684 0.020751953125 0.058223684210526316
1 0.685791015625 0.3236842105263158 0.012939453125 0.03881578947368421