1 0.45166015625 0.1769736842105263 0.00927734375 0.039473684210526314
1 0.45849609375 0.22138157894736843 0.014892578125 0.06907894736842106
1 0.466064453125 0.1819078947368421 0.0078125 0.04144736842105263
1 0.608154296875 0.20526315789473684 0.0078125 0.04078947368421053
0 0.60498046875 0.22269736842105264 0.003662109375 0.008552631578947369
1 0.53125 0.19539473684210526 0.01513671875 0.04868421052631579
1 0.524169921875 0.1930921052631579 0.00927734375 0.04144736842105263
1 0.543701171875 0.20789473684210527 0.01025390625 0.05263157894736842
1 0.551025390625 0.18914473684210525 0.006591796875 0.0375
1 0.595703125 0.21480263157894736 0.0126953125 0.0506578947368421
1 0.646240234375 0.24276315789473685 0.015869140625 0.03684210526315789
1 0.6953125 0.2292763157894737 0.01025390625 0.045394736842105265