1 0.458984375 0.22203947368421054 0.014892578125 0.06907894736842106
1 0.463134765625 0.17960526315789474 0.0078125 0.042105263157894736
1 0.501220703125 0.19210526315789472 0.010986328125 0.04736842105263158
1 0.542724609375 0.1986842105263158 0.0107421875 0.046052631578947366
1 0.58056640625 0.21348684210526317 0.009521484375 0.05197368421052632
1 0.58349609375 0.18618421052631579 0.0048828125 0.021052631578947368
1 0.623046875 0.20855263157894738 0.0126953125 0.046052631578947366
1 0.62744140625 0.21019736842105263 0.00927734375 0.04013157894736842
1 0.6396484375 0.22269736842105264 0.011474609375 0.049342105263157895
1 0.64599609375 0.24210526315789474 0.016357421875 0.038157894736842106
1 0.699462890625 0.2299342105263158 0.011474609375 0.04276315789473684