0 0.320068359375 0.22763157894736843 0.0048828125 0.009210526315789473
1 0.059814453125 0.34901315789473686 0.031005859375 0.16381578947368422
1 0.3037109375 0.2082236842105263 0.026611328125 0.05197368421052632
1 0.334228515625 0.20394736842105263 0.014892578125 0.05394736842105263
1 0.366943359375 0.20394736842105263 0.01513671875 0.060526315789473685
1 0.386474609375 0.19177631578947368 0.010986328125 0.049342105263157895
1 0.40234375 0.24605263157894736 0.023681640625 0.0881578947368421
1 0.470703125 0.24407894736842106 0.02099609375 0.0868421052631579
1 0.48291015625 0.22269736842105264 0.01171875 0.06907894736842106
1 0.524658203125 0.19144736842105264 0.009521484375 0.04078947368421053
1 0.5546875 0.20592105263157895 0.01171875 0.05131578947368421