1 0.393310546875 0.4338815789473684 0.03955078125 0.09013157894736842
1 0.45556640625 0.40888157894736843 0.043212890625 0.07927631578947368
1 0.45654296875 0.3513157894736842 0.020263671875 0.018092105263157895
1 0.505126953125 0.4 0.02294921875 0.0875
1 0.53857421875 0.4305921052631579 0.027099609375 0.09440789473684211
1 0.58056640625 0.4042763157894737 0.026611328125 0.0875
1 0.589111328125 0.3713815789473684 0.015625 0.06381578947368421
1 0.57421875 0.34901315789473686 0.011962890625 0.03684210526315789
1 0.68408203125 0.4299342105263158 0.04638671875 0.1069078947368421
1 0.68017578125 0.38223684210526315 0.026123046875 0.06184210526315789
1 0.68798828125 0.32302631578947366 0.0146484375 0.03881578947368421