1 0.3876953125 0.37236842105263157 0.018310546875 0.06118421052631579
1 0.42578125 0.40230263157894736 0.018310546875 0.08125
1 0.5732421875 0.3447368421052632 0.019287109375 0.03388157894736842
1 0.536865234375 0.3460526315789474 0.015625 0.03388157894736842
0 0.566650390625 0.35888157894736844 0.004150390625 0.006907894736842105
1 0.59423828125 0.34539473684210525 0.019775390625 0.04375
1 0.610595703125 0.3460526315789474 0.012939453125 0.039473684210526314
1 0.6416015625 0.37335526315789475 0.020751953125 0.07434210526315789
1 0.657958984375 0.3424342105263158 0.012939453125 0.04868421052631579
1 0.75341796875 0.34868421052631576 0.020263671875 0.05986842105263158
1 0.69091796875 0.32171052631578945 0.010009765625 0.03388157894736842
1 0.768310546875 0.33519736842105263 0.015625 0.049342105263157895