0 0.288330078125 0.35855263157894735 0.01220703125 0.017105263157894738
1 0.12841796875 0.33651315789473685 0.029541015625 0.14276315789473684
1 0.29638671875 0.2299342105263158 0.01806640625 0.08092105263157895
1 0.357421875 0.23717105263157895 0.01513671875 0.07960526315789473
1 0.295166015625 0.20723684210526316 0.01171875 0.06710526315789474
1 0.427001953125 0.20723684210526316 0.010009765625 0.06447368421052632
1 0.44140625 0.25625 0.024658203125 0.09539473684210527
1 0.453125 0.24901315789473685 0.0166015625 0.08486842105263158
1 0.522705078125 0.2325657894736842 0.0166015625 0.07697368421052632
1 0.535400390625 0.29210526315789476 0.0166015625 0.08552631578947369
1 0.56640625 0.20032894736842105 0.007080078125 0.04144736842105263
1 0.605224609375 0.23684210526315788 0.013671875 0.06710526315789474