1 0.3759765625 0.4368421052631579 0.03759765625 0.09736842105263158
1 0.2568359375 0.4309210526315789 0.033447265625 0.09802631578947368
1 0.350830078125 0.4263157894736842 0.0224609375 0.09309210526315789
1 0.400634765625 0.41019736842105264 0.02197265625 0.058881578947368424
1 0.46826171875 0.3740131578947368 0.017822265625 0.06315789473684211
1 0.538818359375 0.3792763157894737 0.01708984375 0.0694078947368421
1 0.59326171875 0.35855263157894735 0.0146484375 0.05625
1 0.36279296875 0.38026315789473686 0.012939453125 0.058881578947368424
1 0.344970703125 0.3782894736842105 0.021240234375 0.039473684210526314
1 0.6923828125 0.3207236842105263 0.0078125 0.034868421052631576
1 0.1748046875 0.4118421052631579 0.0244140625 0.0430921052631579
0 0.38818359375 0.5348684210526315 0.01416015625 0.019407894736842107