0 0.486083984375 0.20921052631578949 0.00341796875 0.006578947368421052
1 0.483154296875 0.19078947368421054 0.008544921875 0.04473684210526316
1 0.505126953125 0.20032894736842105 0.009521484375 0.04671052631578947
1 0.515380859375 0.20328947368421052 0.008544921875 0.05131578947368421
1 0.523681640625 0.19605263157894737 0.009521484375 0.04342105263157895
1 0.504150390625 0.19144736842105264 0.0078125 0.04473684210526316
1 0.424560546875 0.18947368421052632 0.01416015625 0.04868421052631579
1 0.4052734375 0.23223684210526316 0.02001953125 0.08157894736842106
1 0.351318359375 0.22894736842105262 0.021484375 0.08947368421052632
1 0.59765625 0.22269736842105264 0.01171875 0.053289473684210525
1 0.614013671875 0.2361842105263158 0.013671875 0.06578947368421052
1 0.6357421875 0.21151315789473685 0.01025390625 0.04013157894736842
1 0.59765625 0.19572368421052633 0.006591796875 0.015131578947368421