0 0.563232421875 0.43486842105263157 0.0078125 0.009868421052631578
1 0.356689453125 0.4444078947368421 0.04052734375 0.1
1 0.4609375 0.41118421052631576 0.033447265625 0.0875
1 0.47900390625 0.4217105263157895 0.021240234375 0.08256578947368422
1 0.45703125 0.3516447368421053 0.018310546875 0.01875
1 0.507080078125 0.36217105263157895 0.027587890625 0.05361842105263158
1 0.528076171875 0.43355263157894736 0.0302734375 0.11052631578947368
1 0.561279296875 0.40789473684210525 0.0390625 0.0756578947368421
1 0.561279296875 0.37894736842105264 0.0224609375 0.06447368421052632
1 0.65185546875 0.40789473684210525 0.0244140625 0.09638157894736842
1 0.62890625 0.4957236842105263 0.041259765625 0.1388157894736842
1 0.687255859375 0.3236842105263158 0.012939453125 0.03881578947368421