1 0.157470703125 0.3115131578947368 0.024658203125 0.1375
1 0.362060546875 0.19605263157894737 0.0126953125 0.05921052631578947
1 0.41357421875 0.18980263157894736 0.01171875 0.0506578947368421
1 0.438232421875 0.1763157894736842 0.008056640625 0.04342105263157895
1 0.459228515625 0.18453947368421053 0.01025390625 0.045394736842105265
1 0.474853515625 0.17960526315789474 0.00732421875 0.039473684210526314
0 0.46533203125 0.19572368421052633 0.00341796875 0.0059210526315789476
1 0.507568359375 0.20723684210526316 0.01220703125 0.05789473684210526
1 0.543701171875 0.22828947368421051 0.015625 0.060526315789473685
1 0.53955078125 0.21842105263157896 0.01416015625 0.05921052631578947
1 0.57421875 0.23355263157894737 0.01171875 0.06842105263157895
1 0.625 0.21973684210526315 0.01171875 0.05
1 0.58203125 0.19473684210526315 0.00634765625 0.039473684210526314