1 0.185791015625 0.25855263157894737 0.01513671875 0.09473684210526316
1 0.241455078125 0.21776315789473685 0.01416015625 0.06578947368421052
1 0.305908203125 0.21611842105263157 0.015625 0.07039473684210526
1 0.35205078125 0.20032894736842105 0.013427734375 0.057236842105263155
1 0.38671875 0.22894736842105262 0.02294921875 0.07631578947368421
1 0.390869140625 0.21019736842105263 0.02001953125 0.057236842105263155
1 0.4423828125 0.1980263157894737 0.014404296875 0.05131578947368421
1 0.460693359375 0.22138157894736843 0.025634765625 0.06513157894736842
0 0.471435546875 0.24572368421052632 0.005615234375 0.009868421052631578
1 0.558837890625 0.21019736842105263 0.014892578125 0.04276315789473684
1 0.584228515625 0.1944078947368421 0.010009765625 0.03618421052631579