1 0.220458984375 0.4697368421052632 0.044189453125 0.12861842105263158
1 0.43994140625 0.4450657894736842 0.02978515625 0.11118421052631579
1 0.6005859375 0.4309210526315789 0.03857421875 0.11052631578947368
1 0.620849609375 0.4407894736842105 0.03955078125 0.12434210526315789
1 0.527099609375 0.38092105263157894 0.02392578125 0.05625
1 0.57373046875 0.3638157894736842 0.025634765625 0.04868421052631579
1 0.5859375 0.3667763157894737 0.02490234375 0.058223684210526316
1 0.70556640625 0.4444078947368421 0.04833984375 0.12236842105263158
0 0.706298828125 0.4756578947368421 0.013427734375 0.018092105263157895
1 0.694091796875 0.38717105263157897 0.03271484375 0.07697368421052632
1 0.694091796875 0.3243421052631579 0.010986328125 0.03618421052631579