1 0.0921875 0.29375 0.02734375 0.1234375
1 0.3171875 0.2109375 0.01640625 0.0703125
1 0.3578125 0.2140625 0.0109375 0.06875
1 0.31015625 0.19765625 0.01328125 0.05625
1 0.36953125 0.20390625 0.01015625 0.06015625
1 0.4 0.1875 0.0109375 0.053125
1 0.4078125 0.18515625 0.00859375 0.04453125
1 0.4328125 0.20625 0.01328125 0.05546875
1 0.46328125 0.20625 0.01484375 0.05546875
1 0.47890625 0.19140625 0.0125 0.04765625
1 0.5453125 0.19453125 0.00859375 0.04140625
1 0.5859375 0.2421875 0.0140625 0.0765625