0 0.17578125 0.334375 0.009375 0.015625
1 0.29609375 0.21875 0.01484375 0.07421875
1 0.3578125 0.21640625 0.0125 0.0703125
1 0.37578125 0.1859375 0.009375 0.0484375
1 0.409375 0.20234375 0.01171875 0.06015625
1 0.45546875 0.20546875 0.0125 0.05703125
1 0.47421875 0.1890625 0.01171875 0.046875
1 0.41875 0.19921875 0.01640625 0.05390625
1 0.078125 0.3359375 0.03515625 0.153125
1 0.51796875 0.20625 0.0125 0.04765625
1 0.49140625 0.22265625 0.01484375 0.06875
1 0.578125 0.19609375 0.00859375 0.0390625
1 0.64609375 0.23515625 0.0125 0.059375