0 0.34140625 0.20625 0.00703125 0.01171875
1 0.30859375 0.2390625 0.015625 0.0875
1 0.27734375 0.21171875 0.0125 0.05859375
1 0.28828125 0.21015625 0.01171875 0.06171875
1 0.39296875 0.29375 0.0234375 0.134375
1 0.39453125 0.22421875 0.01640625 0.04375
1 0.409375 0.2140625 0.01171875 0.06484375
1 0.05234375 0.3 0.01640625 0.12265625
1 0.45390625 0.26640625 0.028125 0.0984375
1 0.5375 0.2109375 0.0125 0.05859375
1 0.55546875 0.19609375 0.00859375 0.04140625
1 0.62109375 0.23515625 0.01328125 0.06484375