1 0.54453125 0.19609375 0.0078125 0.0359375
1 0.53046875 0.20234375 0.0140625 0.05078125
1 0.0765625 0.334375 0.028125 0.153125
1 0.2453125 0.221875 0.01953125 0.07578125
1 0.3265625 0.23046875 0.02109375 0.08203125
1 0.309375 0.2046875 0.009375 0.0609375
1 0.40390625 0.24453125 0.02421875 0.08828125
1 0.41953125 0.190625 0.0109375 0.04609375
1 0.4484375 0.20546875 0.01484375 0.05078125
1 0.4859375 0.22890625 0.01640625 0.07578125
1 0.48046875 0.20625 0.0125 0.05703125
1 0.4390625 0.2 0.0140625 0.05078125