1 0.24296875 0.225 0.01953125 0.07109375
1 0.30625 0.225 0.01484375 0.07109375
1 0.1125 0.3171875 0.03359375 0.14375
1 0.44140625 0.1828125 0.00859375 0.03984375
1 0.47421875 0.23359375 0.01875 0.07734375
1 0.50703125 0.20234375 0.015625 0.04765625
1 0.5140625 0.19609375 0.009375 0.04375
1 0.52734375 0.2046875 0.01484375 0.053125
1 0.56796875 0.2390625 0.015625 0.06953125
1 0.60234375 0.2171875 0.01015625 0.04765625
1 0.59921875 0.20078125 0.00625 0.03984375
1 0.65234375 0.225 0.01171875 0.0484375