1 0.02578125 0.37734375 0.04296875 0.1609375
1 0.24765625 0.253125 0.02890625 0.09296875
1 0.3109375 0.2046875 0.01328125 0.06875
1 0.3828125 0.21015625 0.0171875 0.0671875
1 0.4234375 0.19140625 0.0125 0.05078125
1 0.45859375 0.2171875 0.01796875 0.06484375
1 0.50078125 0.19765625 0.0140625 0.046875
1 0.51640625 0.22890625 0.0265625 0.08046875
1 0.53359375 0.2125 0.015625 0.0546875
1 0.56328125 0.22265625 0.01484375 0.0578125
1 0.5828125 0.21328125 0.01328125 0.0421875
1 0.59375 0.19453125 0.0078125 0.034375
0 0.575 0.24453125 0.0046875 0.009375