1 0.015625 0.38125 0.03046875 0.16015625
0 0.04921875 0.4375 0.0125 0.02109375
1 0.1859375 0.3046875 0.02265625 0.1296875
1 0.2515625 0.28515625 0.0296875 0.12109375
1 0.25703125 0.2421875 0.021875 0.0921875
1 0.340625 0.2109375 0.0109375 0.07265625
1 0.39765625 0.20625 0.01484375 0.0671875
1 0.46484375 0.303125 0.0203125 0.13984375
1 0.5234375 0.434375 0.0625 0.21171875
1 0.54140625 0.27109375 0.03125 0.10078125
1 0.5265625 0.203125 0.01171875 0.05078125
1 0.58359375 0.1953125 0.00859375 0.03984375
1 0.60390625 0.2375 0.015625 0.07265625