1 0.4546875 0.178125 0.00859375 0.03984375
1 0.46171875 0.17890625 0.00625 0.04140625
1 0.47578125 0.22109375 0.0125 0.06640625
1 0.4921875 0.19140625 0.01328125 0.04609375
1 0.51875 0.18984375 0.0078125 0.0421875
1 0.52265625 0.20625 0.01328125 0.05234375
1 0.54140625 0.18671875 0.00859375 0.03515625
0 0.55390625 0.2078125 0.003125 0.00703125
1 0.5890625 0.2125 0.0109375 0.05
1 0.6 0.2046875 0.00703125 0.04296875
1 0.64609375 0.2421875 0.015625 0.0390625
1 0.68203125 0.225 0.00859375 0.04609375