1 0.1703125 0.34375 0.03828125 0.12890625
1 0.30546875 0.21484375 0.0125 0.07734375
1 0.390625 0.1984375 0.015625 0.06015625
1 0.4234375 0.234375 0.021875 0.0859375
1 0.45390625 0.18828125 0.009375 0.05
1 0.49375 0.2421875 0.02109375 0.0796875
1 0.5171875 0.25078125 0.01640625 0.08203125
1 0.55625 0.20390625 0.01171875 0.04375
1 0.5765625 0.23046875 0.01875 0.06484375
1 0.590625 0.19609375 0.00703125 0.03984375
1 0.62734375 0.2390625 0.0140625 0.06171875
1 0.6140625 0.22265625 0.01484375 0.05625
0 0.60703125 0.24375 0.0046875 0.0078125