1 0.31484375 0.4296875 0.03515625 0.10390625
1 0.50625 0.41484375 0.02578125 0.0890625
1 0.5390625 0.45625 0.04609375 0.115625
1 0.35390625 0.409375 0.028125 0.084375
1 0.4796875 0.38671875 0.03046875 0.05859375
1 0.5671875 0.459375 0.03984375 0.140625
1 0.63828125 0.41640625 0.03671875 0.0890625
1 0.48828125 0.3515625 0.0125 0.04375
1 0.59921875 0.36875 0.01953125 0.0609375
1 0.703125 0.3578125 0.02109375 0.0546875
1 0.69609375 0.31796875 0.00859375 0.03359375
0 0.51796875 0.43984375 0.00859375 0.0109375