1 0.08359375 0.34609375 0.034375 0.153125
1 0.26171875 0.23203125 0.015625 0.08828125
1 0.5578125 0.25703125 0.02265625 0.08671875
1 0.6421875 0.2328125 0.01328125 0.0625
1 0.5875 0.1953125 0.01015625 0.03828125
1 0.509375 0.21484375 0.01328125 0.06171875
1 0.5125 0.18671875 0.01015625 0.0296875
1 0.52734375 0.20234375 0.01171875 0.05546875
1 0.4640625 0.215625 0.01015625 0.07421875
1 0.42265625 0.23984375 0.01484375 0.08203125
1 0.44921875 0.20390625 0.01171875 0.05390625
0 0.41171875 0.23828125 0.00625 0.009375
1 0.4125 0.209375 0.01640625 0.06015625