1 0.05703125 0.3703125 0.028125 0.16796875
1 0.21171875 0.23515625 0.01640625 0.0890625
1 0.38828125 0.24765625 0.02734375 0.08203125
1 0.36796875 0.2296875 0.02265625 0.0828125
1 0.30390625 0.20625 0.0125 0.06875
1 0.4109375 0.23515625 0.01953125 0.06875
1 0.4515625 0.27890625 0.02109375 0.10703125
1 0.4359375 0.1921875 0.01171875 0.0546875
1 0.49453125 0.27890625 0.03125 0.10234375
1 0.53359375 0.20078125 0.0109375 0.04765625
1 0.58359375 0.19375 0.009375 0.03828125
1 0.62421875 0.22890625 0.01640625 0.06015625
0 0.39453125 0.28125 0.00703125 0.01328125