1 0.3015625 0.39140625 0.02265625 0.059375
1 0.353125 0.42734375 0.03359375 0.09765625
1 0.340625 0.36875 0.01171875 0.05078125
1 0.4171875 0.36015625 0.01640625 0.0453125
0 0.4140625 0.3796875 0.00546875 0.00625
1 0.4875 0.35 0.0109375 0.04296875
1 0.50234375 0.353125 0.01484375 0.04609375
1 0.53203125 0.3890625 0.02109375 0.07421875
1 0.5296875 0.34921875 0.01328125 0.021875
1 0.55 0.35390625 0.02109375 0.04765625
1 0.6859375 0.31875 0.00859375 0.0328125
1 0.69453125 0.384375 0.03203125 0.08359375