0 0.39921875 0.4625 0.01015625 0.01328125
1 0.17421875 0.4125 0.02421875 0.04375
1 0.25546875 0.415625 0.02109375 0.078125
1 0.3453125 0.42890625 0.021875 0.084375
1 0.33671875 0.3921875 0.01484375 0.06328125
1 0.3578125 0.4171875 0.02265625 0.0890625
1 0.40546875 0.409375 0.021875 0.05390625
1 0.38515625 0.378125 0.01796875 0.059375
1 0.440625 0.36953125 0.025 0.0578125
1 0.55390625 0.3734375 0.015625 0.06875
1 0.59453125 0.35390625 0.015625 0.0515625
1 0.6921875 0.32109375 0.0078125 0.03359375