1 0.35546875 0.37578125 0.01796875 0.06328125
1 0.47578125 0.3890625 0.02578125 0.07265625
1 0.5640625 0.334375 0.009375 0.034375
1 0.59921875 0.340625 0.01015625 0.04453125
1 0.63515625 0.378125 0.021875 0.07890625
0 0.6859375 0.34375 0.00546875 0.00546875
1 0.70546875 0.353125 0.01484375 0.059375
1 0.7390625 0.3484375 0.01796875 0.0625
1 0.80234375 0.3375 0.0171875 0.05390625
1 0.7859375 0.32890625 0.01484375 0.0453125
1 0.70234375 0.32734375 0.01015625 0.0359375
1 0.6890625 0.3203125 0.01015625 0.03359375