1 0.05703125 0.3625 0.03203125 0.1625
1 0.27265625 0.234375 0.028125 0.08515625
0 0.3375 0.30546875 0.00859375 0.0140625
1 0.36484375 0.259375 0.0234375 0.1
1 0.34765625 0.20703125 0.0140625 0.06796875
1 0.36328125 0.2046875 0.0140625 0.04453125
1 0.440625 0.22890625 0.01640625 0.08984375
1 0.46484375 0.2328125 0.01796875 0.07890625
1 0.47421875 0.19609375 0.0109375 0.0515625
1 0.57265625 0.3 0.01640625 0.10390625
1 0.54453125 0.2015625 0.00859375 0.04765625
1 0.59921875 0.22109375 0.0140625 0.059375
1 0.58671875 0.19453125 0.00859375 0.03984375