1 0.16171875 0.33828125 0.0328125 0.15859375
1 0.38515625 0.23515625 0.02109375 0.0921875
1 0.36015625 0.2 0.0171875 0.06328125
1 0.46171875 0.234375 0.01484375 0.075
1 0.44375 0.19140625 0.009375 0.0546875
1 0.4921875 0.26015625 0.03359375 0.08984375
1 0.57265625 0.2484375 0.01640625 0.07734375
1 0.61875 0.22578125 0.01328125 0.05703125
1 0.55234375 0.20703125 0.01328125 0.04765625
1 0.5890625 0.19609375 0.009375 0.03984375
1 0.57265625 0.23515625 0.01796875 0.06875
0 0.5828125 0.2546875 0.0046875 0.01015625
1 0.278125 0.21953125 0.0125 0.07734375