1 0.4546875 0.1859375 0.0140625 0.0484375
1 0.4484375 0.18203125 0.009375 0.04375
1 0.465625 0.1734375 0.009375 0.03671875
0 0.5296875 0.20078125 0.003125 0.00546875
1 0.53359375 0.18359375 0.0078125 0.03515625
1 0.50234375 0.2171875 0.01328125 0.06171875
1 0.51015625 0.190625 0.00859375 0.04296875
1 0.496875 0.2046875 0.0125 0.05390625
1 0.56796875 0.21015625 0.01171875 0.05234375
1 0.5796875 0.20234375 0.00703125 0.04375
1 0.64453125 0.2125 0.01015625 0.03984375
1 0.65078125 0.228125 0.01328125 0.05234375