1 0.14140625 0.3140625 0.0265625 0.13671875
1 0.4125 0.18984375 0.01171875 0.05
1 0.45390625 0.215625 0.015625 0.05390625
1 0.446875 0.209375 0.01953125 0.05546875
1 0.48515625 0.2046875 0.0171875 0.0515625
1 0.43125 0.18125 0.01484375 0.0421875
0 0.425 0.19921875 0.00390625 0.00703125
1 0.50859375 0.18984375 0.0109375 0.0421875
1 0.45390625 0.184375 0.01015625 0.0359375
1 0.4546875 0.18359375 0.0140625 0.03984375
1 0.56015625 0.1953125 0.01015625 0.04296875
1 0.56796875 0.19140625 0.00859375 0.03984375