0 0.04921875 0.45859375 0.0109375 0.01015625
1 0.128125 0.4421875 0.0390625 0.09453125
1 0.1734375 0.434375 0.04140625 0.0984375
1 0.1203125 0.39453125 0.02734375 0.0359375
1 0.278125 0.3953125 0.0234375 0.06953125
1 0.3328125 0.38671875 0.02109375 0.0390625
1 0.425 0.409375 0.03515625 0.08359375
1 0.3953125 0.3875 0.01796875 0.06953125
1 0.51171875 0.4125 0.034375 0.09765625
1 0.603125 0.4625 0.03203125 0.146875
1 0.5984375 0.35234375 0.01640625 0.05
1 0.690625 0.31875 0.009375 0.03359375
1 0.01484375 0.53515625 0.02890625 0.1328125