1 0.05703125 0.3625 0.03359375 0.15859375
1 0.2578125 0.2828125 0.02421875 0.1140625
1 0.24375 0.2421875 0.02109375 0.0921875
1 0.33125 0.23046875 0.015625 0.07890625
1 0.3265625 0.20625 0.01328125 0.06875
1 0.42890625 0.24140625 0.025 0.09140625
1 0.453125 0.25 0.01953125 0.096875
1 0.56171875 0.3328125 0.028125 0.14140625
0 0.4359375 0.371875 0.01171875 0.01953125
1 0.534375 0.2 0.0109375 0.04609375
1 0.58359375 0.19453125 0.0078125 0.03984375
1 0.59609375 0.22265625 0.01328125 0.05546875
1 0.4453125 0.1984375 0.0109375 0.05625