0 0.52109375 0.45703125 0.01015625 0.0140625
1 0.4859375 0.41953125 0.02578125 0.08125
1 0.5140625 0.39453125 0.03046875 0.06328125
1 0.3984375 0.3734375 0.0234375 0.046875
1 0.44921875 0.35703125 0.01328125 0.0484375
1 0.465625 0.37109375 0.01015625 0.0546875
1 0.490625 0.35546875 0.01328125 0.0484375
1 0.5125 0.3578125 0.01796875 0.04609375
1 0.57109375 0.375 0.03203125 0.0671875
1 0.66171875 0.434375 0.02265625 0.12265625
1 0.71640625 0.35546875 0.02265625 0.06015625
1 0.67421875 0.32421875 0.01015625 0.0359375