0 0.0859375 0.37890625 0.0109375 0.01796875
1 0.14765625 0.31796875 0.03984375 0.12734375
1 0.18515625 0.29765625 0.0265625 0.11796875
1 0.2125 0.24375 0.03046875 0.08984375
1 0.3609375 0.2125 0.01875 0.07421875
1 0.3890625 0.20703125 0.0140625 0.06640625
1 0.4609375 0.3109375 0.03203125 0.13515625
1 0.48359375 0.26015625 0.02421875 0.1109375
1 0.590625 0.38984375 0.0359375 0.190625
1 0.52265625 0.20390625 0.01171875 0.05234375
1 0.59453125 0.2421875 0.01484375 0.078125
1 0.584375 0.19609375 0.0078125 0.03984375