1 0.18203125 0.2421875 0.0125 0.07890625
1 0.21953125 0.2046875 0.01171875 0.06015625
0 0.22578125 0.22734375 0.00390625 0.00703125
1 0.271875 0.23359375 0.021875 0.08359375
1 0.309375 0.22421875 0.0140625 0.07734375
1 0.3296875 0.196875 0.01171875 0.06015625
1 0.375 0.18671875 0.0109375 0.05234375
1 0.38359375 0.21484375 0.01484375 0.0796875
1 0.4375 0.20703125 0.015625 0.0640625
1 0.5078125 0.23515625 0.0140625 0.06953125
1 0.57890625 0.19140625 0.00625 0.03984375
1 0.59375 0.21484375 0.0109375 0.0546875