1 0.1375 0.321875 0.03125 0.13359375
1 0.31640625 0.19609375 0.01640625 0.0546875
1 0.34609375 0.215625 0.028125 0.07109375
1 0.34296875 0.20703125 0.0171875 0.05859375
1 0.41328125 0.21640625 0.01328125 0.0625
0 0.38203125 0.1640625 0.00546875 0.009375
1 0.4328125 0.20625 0.01484375 0.059375
1 0.44609375 0.2171875 0.02578125 0.05625
1 0.521875 0.2375 0.0171875 0.06875
1 0.53671875 0.20546875 0.0109375 0.05078125
1 0.57421875 0.2265625 0.009375 0.06328125
1 0.6359375 0.26875 0.01640625 0.0890625