1 0.03671875 0.37734375 0.03125 0.171875
1 0.19921875 0.3109375 0.0265625 0.13125
0 0.24765625 0.4140625 0.0171875 0.02265625
1 0.26875 0.24453125 0.02109375 0.09375
1 0.29453125 0.2515625 0.02109375 0.09140625
1 0.32265625 0.21015625 0.01796875 0.07265625
1 0.46953125 0.378125 0.05390625 0.1640625
1 0.4578125 0.27578125 0.02109375 0.115625
1 0.50078125 0.2546875 0.02890625 0.10234375
1 0.5296875 0.2 0.0109375 0.04921875
1 0.60390625 0.2328125 0.0140625 0.06328125
1 0.5828125 0.1953125 0.00859375 0.03984375
1 0.415625 0.2 0.0140625 0.0625