1 0.3765625 0.48203125 0.03984375 0.1484375
1 0.2953125 0.45078125 0.021875 0.10703125
1 0.38515625 0.4125 0.03984375 0.065625
1 0.4171875 0.39609375 0.01640625 0.0796875
1 0.4171875 0.3734375 0.01796875 0.0515625
1 0.5359375 0.425 0.03515625 0.096875
1 0.66875 0.44375 0.03828125 0.11796875
1 0.64609375 0.4 0.02421875 0.07421875
1 0.57578125 0.36484375 0.01796875 0.034375
1 0.63984375 0.36171875 0.01484375 0.046875
1 0.69609375 0.321875 0.0109375 0.0359375
0 0.5609375 0.44375 0.00859375 0.01328125