1 0.04921875 0.3828125 0.03515625 0.16328125
1 0.4484375 0.20703125 0.01171875 0.05625
1 0.490625 0.1984375 0.01015625 0.04921875
1 0.5171875 0.2046875 0.01015625 0.06015625
1 0.5078125 0.18515625 0.009375 0.040625
1 0.53671875 0.19375 0.0109375 0.04609375
1 0.54921875 0.20390625 0.009375 0.046875
1 0.55390625 0.18515625 0.00625 0.03125
1 0.56015625 0.19453125 0.01171875 0.0421875
1 0.5734375 0.209375 0.0109375 0.0515625
1 0.61171875 0.22109375 0.01015625 0.0546875
1 0.68515625 0.24140625 0.0109375 0.03203125