1 0.02734375 0.39609375 0.03671875 0.17890625
1 0.10390625 0.31796875 0.0328125 0.1265625
0 0.125 0.35234375 0.009375 0.0171875
1 0.13359375 0.2609375 0.025 0.09921875
1 0.2140625 0.22421875 0.0171875 0.0765625
1 0.334375 0.203125 0.01328125 0.06875
1 0.34296875 0.20390625 0.0109375 0.0640625
1 0.41953125 0.2421875 0.0171875 0.08828125
1 0.5 0.31328125 0.03125 0.1375
1 0.42734375 0.1921875 0.009375 0.05390625
1 0.5140625 0.20234375 0.009375 0.05234375
1 0.5859375 0.19296875 0.00703125 0.03984375
1 0.63046875 0.22890625 0.015625 0.06015625