1 0.37578125 0.43671875 0.0375 0.096875
1 0.25703125 0.43125 0.03359375 0.09765625
1 0.35078125 0.4265625 0.02265625 0.09296875
1 0.40078125 0.41015625 0.021875 0.059375
1 0.46796875 0.37421875 0.01796875 0.06328125
1 0.5390625 0.37890625 0.0171875 0.06953125
1 0.59296875 0.35859375 0.01484375 0.05625
1 0.3625 0.38046875 0.01328125 0.059375
1 0.3453125 0.378125 0.02109375 0.03984375
1 0.6921875 0.32109375 0.0078125 0.034375
1 0.175 0.41171875 0.02421875 0.04296875
0 0.38828125 0.534375 0.0140625 0.01953125