1 0.4515625 0.17734375 0.009375 0.03984375
1 0.45859375 0.22109375 0.01484375 0.06875
1 0.46640625 0.18203125 0.0078125 0.04140625
1 0.6078125 0.20546875 0.0078125 0.040625
0 0.6046875 0.22265625 0.00390625 0.00859375
1 0.53125 0.1953125 0.01484375 0.0484375
1 0.52421875 0.19296875 0.009375 0.04140625
1 0.54375 0.2078125 0.01015625 0.05234375
1 0.55078125 0.1890625 0.00703125 0.0375
1 0.59609375 0.21484375 0.0125 0.05078125
1 0.64609375 0.24296875 0.015625 0.03671875
1 0.6953125 0.22890625 0.01015625 0.0453125