1 0.44375 0.22109375 0.01171875 0.06953125
1 0.4546875 0.17890625 0.009375 0.04140625
1 0.47109375 0.18515625 0.00859375 0.0453125
1 0.52109375 0.19609375 0.01015625 0.04296875
1 0.56015625 0.1890625 0.00703125 0.0375
1 0.5640625 0.21171875 0.01171875 0.05078125
1 0.584375 0.20390625 0.0109375 0.046875
0 0.603125 0.22265625 0.00390625 0.00625
1 0.6078125 0.20625 0.00859375 0.040625
1 0.6171875 0.21796875 0.01015625 0.053125
1 0.64609375 0.2421875 0.015625 0.03984375
1 0.6953125 0.23203125 0.01015625 0.05