1 0.13203125 0.3328125 0.0421875 0.14921875
1 0.24375 0.23828125 0.01640625 0.0921875
1 0.65703125 0.23359375 0.0125 0.05703125
1 0.58515625 0.1953125 0.0109375 0.03984375
1 0.5640625 0.253125 0.02109375 0.08671875
1 0.48125 0.23359375 0.0203125 0.0734375
1 0.52421875 0.21328125 0.01328125 0.06015625
1 0.52109375 0.20703125 0.009375 0.0546875
1 0.5203125 0.19296875 0.0078125 0.04765625
1 0.41796875 0.20859375 0.0125 0.0671875
1 0.46171875 0.19921875 0.009375 0.0546875
1 0.4703125 0.2171875 0.01171875 0.07109375
0 0.4671875 0.24453125 0.00546875 0.01015625