1 0.0328125 0.56953125 0.06484375 0.171875
1 0.23984375 0.46640625 0.05546875 0.115625
1 0.175 0.4125 0.02265625 0.04375
1 0.39296875 0.48125 0.04453125 0.13203125
1 0.36953125 0.43046875 0.03046875 0.096875
1 0.340625 0.38671875 0.01640625 0.06796875
1 0.37890625 0.38515625 0.01171875 0.05078125
1 0.403125 0.39921875 0.0234375 0.071875
1 0.5046875 0.375 0.01875 0.0703125
1 0.5296875 0.38515625 0.01796875 0.075
1 0.60546875 0.365625 0.01484375 0.059375
1 0.690625 0.321875 0.01015625 0.03203125
0 0.371875 0.753125 0.0265625 0.040625