1 0.10859375 0.35234375 0.04296875 0.1578125
1 0.24375 0.225 0.0125 0.08125
1 0.3328125 0.2015625 0.0125 0.06640625
1 0.36328125 0.228125 0.01640625 0.08046875
1 0.42890625 0.23515625 0.01875 0.07734375
1 0.46796875 0.2453125 0.0171875 0.0734375
1 0.5140625 0.25625 0.01875 0.084375
1 0.57109375 0.27265625 0.02578125 0.0703125
1 0.42734375 0.19140625 0.0109375 0.0484375
1 0.60703125 0.23046875 0.0203125 0.05703125
1 0.53984375 0.2015625 0.01015625 0.0484375
1 0.58671875 0.19609375 0.00859375 0.0390625
0 0.525 0.284375 0.00703125 0.0125