1 0.3328125 0.375 0.01875 0.06171875
1 0.446875 0.409375 0.02109375 0.0890625
1 0.49375 0.37734375 0.01640625 0.065625
1 0.509375 0.36796875 0.01328125 0.059375
1 0.5125 0.346875 0.015625 0.04296875
1 0.5890625 0.37265625 0.01640625 0.06640625
1 0.57265625 0.3546875 0.01484375 0.05546875
0 0.5765625 0.38046875 0.00546875 0.00859375
1 0.6375 0.35625 0.01640625 0.06015625
1 0.5828125 0.34765625 0.01015625 0.0453125
1 0.72734375 0.334375 0.0140625 0.0484375
1 0.69140625 0.32265625 0.0109375 0.03359375