1 0.0484375 0.42734375 0.03671875 0.084375
1 0.121875 0.553125 0.075 0.18203125
1 0.1703125 0.446875 0.03828125 0.1046875
0 0.1640625 0.59609375 0.0203125 0.021875
1 0.41015625 0.440625 0.02578125 0.11171875
1 0.371875 0.38828125 0.01796875 0.0671875
1 0.3296875 0.38359375 0.0203125 0.04453125
1 0.52734375 0.41328125 0.0375 0.1046875
1 0.60859375 0.53359375 0.0578125 0.19453125
1 0.61875 0.434375 0.03046875 0.08828125
1 0.49609375 0.3796875 0.01484375 0.07109375
1 0.55703125 0.3578125 0.015625 0.0515625
1 0.690625 0.31875 0.01015625 0.03203125