1 0.1828125 0.246875 0.02265625 0.0859375
1 0.23515625 0.203125 0.0125 0.06328125
0 0.23671875 0.22890625 0.0046875 0.009375
1 0.2703125 0.2296875 0.02109375 0.08203125
1 0.28671875 0.21875 0.01328125 0.075
1 0.3234375 0.203125 0.009375 0.06484375
1 0.3765625 0.22265625 0.0203125 0.0859375
1 0.35703125 0.1953125 0.0140625 0.046875
1 0.47109375 0.21484375 0.0234375 0.06484375
1 0.48828125 0.22421875 0.01640625 0.05625
1 0.57890625 0.190625 0.00625 0.03828125
1 0.5875 0.21640625 0.01171875 0.05625