1 0.1359375 0.315625 0.0328125 0.13515625
1 0.3421875 0.21484375 0.0203125 0.06328125
1 0.3546875 0.2109375 0.025 0.06015625
0 0.31640625 0.2234375 0.00546875 0.01015625
1 0.39609375 0.1859375 0.01328125 0.04765625
1 0.40625 0.19765625 0.01484375 0.05234375
1 0.41953125 0.18515625 0.0109375 0.0484375
1 0.44765625 0.19375 0.0125 0.05
1 0.46015625 0.1859375 0.0109375 0.04609375
1 0.52421875 0.2 0.01171875 0.0484375
1 0.57265625 0.1984375 0.01015625 0.04375
1 0.57109375 0.19140625 0.00546875 0.0375