1 0.19453125 0.4765625 0.0421875 0.1296875
1 0.50078125 0.5125 0.04765625 0.159375
1 0.025 0.5265625 0.04921875 0.15546875
1 0.61640625 0.51875 0.04453125 0.18125
0 0.7046875 0.51875 0.01640625 0.01796875
1 0.7390625 0.4578125 0.04453125 0.14765625
1 0.58203125 0.428125 0.034375 0.10390625
1 0.503125 0.40703125 0.02109375 0.0828125
1 0.475 0.38125 0.02421875 0.06640625
1 0.53125 0.37109375 0.02890625 0.05390625
1 0.51875 0.3640625 0.01328125 0.04453125
1 0.74296875 0.3703125 0.03046875 0.06328125
1 0.69453125 0.3234375 0.01171875 0.0375