1 0.0390625 0.459375 0.0453125 0.09140625
1 0.08984375 0.4484375 0.03984375 0.09140625
1 0.16953125 0.40078125 0.03125 0.06796875
1 0.19921875 0.44140625 0.03984375 0.0921875
1 0.28203125 0.44921875 0.0375 0.11015625
1 0.29921875 0.40703125 0.02890625 0.078125
1 0.3328125 0.38515625 0.02109375 0.06171875
1 0.36640625 0.3796875 0.01875 0.05390625
1 0.5359375 0.3984375 0.02265625 0.08359375
1 0.5734375 0.3609375 0.01484375 0.04140625
1 0.7 0.31953125 0.0109375 0.03359375
0 0.04921875 0.50703125 0.01328125 0.01328125