1 0.05 0.421875 0.03125 0.08203125
1 0.121875 0.534375 0.0671875 0.165625
1 0.146875 0.44609375 0.03984375 0.09765625
1 0.39453125 0.4421875 0.03046875 0.1125
1 0.34921875 0.3921875 0.01953125 0.071875
1 0.33125 0.38671875 0.0203125 0.0375
1 0.4890625 0.4109375 0.0296875 0.09296875
1 0.58359375 0.46484375 0.04609375 0.14609375
1 0.64296875 0.49765625 0.05078125 0.16953125
1 0.471875 0.38359375 0.01640625 0.07109375
1 0.56953125 0.35546875 0.0109375 0.05078125
1 0.690625 0.31875 0.009375 0.0328125
0 0.15703125 0.534375 0.01328125 0.01640625