1 0.390625 0.37421875 0.01953125 0.05859375
1 0.41796875 0.3953125 0.015625 0.07734375
0 0.5125 0.37109375 0.00546875 0.00703125
1 0.5203125 0.35 0.01171875 0.0453125
1 0.503125 0.35078125 0.0109375 0.0359375
1 0.56953125 0.34453125 0.01171875 0.04140625
1 0.59609375 0.3484375 0.01171875 0.04375
1 0.6375 0.37734375 0.0203125 0.075
1 0.65078125 0.33984375 0.01171875 0.04765625
1 0.678125 0.3234375 0.01171875 0.034375
1 0.73515625 0.35390625 0.02421875 0.06171875
1 0.75546875 0.3375 0.0140625 0.0515625