1 0.01640625 0.4078125 0.03125 0.18046875
1 0.075 0.31953125 0.0265625 0.12578125
1 0.12265625 0.27109375 0.0265625 0.10234375
0 0.128125 0.31328125 0.00703125 0.01328125
1 0.20546875 0.23046875 0.015625 0.07890625
1 0.29453125 0.20546875 0.01484375 0.06484375
1 0.36015625 0.20859375 0.015625 0.071875
1 0.41328125 0.23359375 0.0140625 0.08203125
1 0.415625 0.18046875 0.01015625 0.02890625
1 0.496875 0.3296875 0.028125 0.1484375
1 0.50390625 0.20390625 0.0109375 0.053125
1 0.584375 0.19140625 0.00703125 0.04140625
1 0.62421875 0.22890625 0.01328125 0.0609375