1 0.1015625 0.57109375 0.06953125 0.184375
1 0.58046875 0.69921875 0.10234375 0.34140625
1 0.0546875 0.4421875 0.03828125 0.10234375
1 0.259375 0.42734375 0.02734375 0.09296875
1 0.284375 0.3875 0.02109375 0.0640625
1 0.39609375 0.390625 0.01875 0.071875
1 0.45546875 0.41953125 0.0328125 0.09765625
1 0.5265625 0.37578125 0.0203125 0.0671875
0 0.203125 0.65390625 0.02265625 0.028125
1 0.62890625 0.43828125 0.040625 0.11953125
1 0.61328125 0.40546875 0.02421875 0.10390625
1 0.53984375 0.3609375 0.0125 0.0546875
1 0.69140625 0.31875 0.0078125 0.0296875