1 0.66484375 0.4171875 0.02578125 0.109375
1 0.7125 0.35390625 0.02109375 0.06015625
1 0.67109375 0.325 0.01171875 0.03515625
1 0.4140625 0.3671875 0.02421875 0.053125
1 0.43828125 0.35703125 0.01328125 0.046875
1 0.4484375 0.37265625 0.01484375 0.05859375
1 0.459375 0.409375 0.02890625 0.0765625
1 0.50859375 0.3875 0.02421875 0.059375
1 0.49140625 0.35546875 0.0109375 0.0453125
1 0.52265625 0.3625 0.01875 0.0546875
1 0.5390625 0.375 0.02578125 0.06328125
0 0.51328125 0.43671875 0.009375 0.01328125