1 0.415625 0.45546875 0.03515625 0.109375
1 0.284375 0.43125 0.028125 0.08125
1 0.396875 0.428125 0.0234375 0.10234375
1 0.40546875 0.38984375 0.015625 0.0609375
1 0.41640625 0.36875 0.0125 0.05390625
1 0.56953125 0.38125 0.0234375 0.075
1 0.57734375 0.36484375 0.01484375 0.03125
1 0.61953125 0.41328125 0.03046875 0.08125
1 0.65234375 0.35859375 0.01640625 0.05390625
1 0.7078125 0.4109375 0.0265625 0.1015625
1 0.70078125 0.31953125 0.01015625 0.03515625
0 0.58671875 0.4546875 0.0109375 0.0140625