1 0.3875 0.371875 0.01796875 0.0609375
1 0.42578125 0.40234375 0.01796875 0.08125
1 0.5734375 0.34453125 0.01953125 0.034375
1 0.53671875 0.34609375 0.015625 0.034375
0 0.56640625 0.359375 0.00390625 0.00703125
1 0.59453125 0.3453125 0.01953125 0.04375
1 0.6109375 0.34609375 0.01328125 0.03984375
1 0.64140625 0.3734375 0.02109375 0.07421875
1 0.6578125 0.3421875 0.01328125 0.0484375
1 0.753125 0.3484375 0.0203125 0.059375
1 0.690625 0.321875 0.01015625 0.034375
1 0.76796875 0.33515625 0.015625 0.04921875