1 0.021875 0.503125 0.04296875 0.13515625
1 0.02265625 0.425 0.04453125 0.07578125
1 0.17421875 0.47421875 0.04921875 0.121875
1 0.146875 0.4515625 0.0421875 0.10703125
1 0.2546875 0.42265625 0.04375 0.08203125
1 0.33359375 0.3859375 0.025 0.0625
1 0.36015625 0.38828125 0.03046875 0.05390625
1 0.44609375 0.49296875 0.04921875 0.153125
1 0.49140625 0.43046875 0.02578125 0.10703125
1 0.57578125 0.35625 0.015625 0.0546875
1 0.70234375 0.3203125 0.01015625 0.03359375
0 0.2171875 0.46875 0.01015625 0.0140625