1 0.14140625 0.31484375 0.0265625 0.13671875
1 0.39453125 0.18828125 0.01953125 0.04921875
1 0.43046875 0.178125 0.01015625 0.04296875
0 0.4359375 0.19765625 0.003125 0.00625
1 0.45625 0.18046875 0.00703125 0.0375
1 0.46171875 0.1875 0.00703125 0.04296875
1 0.49765625 0.21640625 0.0140625 0.05625
1 0.4875 0.20859375 0.01640625 0.05703125
1 0.47734375 0.18515625 0.01171875 0.046875
1 0.4890625 0.178125 0.0078125 0.0265625
1 0.5234375 0.2078125 0.0125 0.05078125
1 0.55625 0.19296875 0.00703125 0.03984375
1 0.5671875 0.190625 0.00703125 0.0390625