1 0.15546875 0.24296875 0.0171875 0.08125
1 0.20078125 0.2125 0.009375 0.06484375
0 0.22578125 0.228125 0.00390625 0.00859375
1 0.275 0.23046875 0.01484375 0.0828125
1 0.3375 0.22890625 0.01875 0.08203125
1 0.334375 0.1921875 0.01328125 0.05703125
1 0.3859375 0.20625 0.01484375 0.06875
1 0.3921875 0.184375 0.009375 0.0515625
1 0.434375 0.19921875 0.01171875 0.05390625
1 0.50546875 0.23203125 0.015625 0.07578125
1 0.5765625 0.19296875 0.00859375 0.0375
1 0.5953125 0.21171875 0.01171875 0.05234375