1 0.1703125 0.3375 0.03203125 0.14296875
1 0.3296875 0.2109375 0.01328125 0.071875
1 0.42734375 0.2 0.01328125 0.05703125
1 0.45625 0.221875 0.01640625 0.07734375
1 0.50703125 0.22265625 0.015625 0.07109375
1 0.52734375 0.24765625 0.01484375 0.06953125
1 0.45078125 0.18515625 0.01015625 0.04609375
1 0.53046875 0.1984375 0.0125 0.04375
1 0.59609375 0.2265625 0.015625 0.06015625
1 0.61015625 0.2234375 0.0140625 0.05625
1 0.6625 0.246875 0.01796875 0.06484375
1 0.58984375 0.19453125 0.00859375 0.0375