1 0.35546875 0.37265625 0.0171875 0.06015625
1 0.4703125 0.40234375 0.01953125 0.0796875
1 0.46875 0.3703125 0.01796875 0.04609375
1 0.52578125 0.36328125 0.0140625 0.0578125
1 0.5203125 0.34609375 0.01484375 0.040625
1 0.58203125 0.3546875 0.0125 0.0578125
1 0.60234375 0.3703125 0.01875 0.0625
1 0.61015625 0.3453125 0.00859375 0.046875
1 0.64296875 0.35859375 0.02109375 0.05703125
1 0.728125 0.3359375 0.01484375 0.04921875
1 0.6953125 0.321875 0.009375 0.034375
0 0.634375 0.37578125 0.00546875 0.00859375