1 0.2515625 0.45078125 0.040625 0.10546875
1 0.384375 0.46328125 0.03671875 0.128125
1 0.36171875 0.428125 0.02734375 0.09296875
1 0.17578125 0.4125 0.0234375 0.04375
0 0.378125 0.6515625 0.01953125 0.03203125
1 0.39921875 0.4015625 0.02421875 0.06640625
1 0.36640625 0.38046875 0.01484375 0.040625
1 0.3453125 0.3859375 0.0140625 0.06484375
1 0.49296875 0.371875 0.01796875 0.071875
1 0.53359375 0.3828125 0.02109375 0.071875
1 0.60078125 0.36328125 0.01796875 0.059375
1 0.69140625 0.3203125 0.009375 0.03125