1 0.4953125 0.37890625 0.01796875 0.0671875
1 0.48515625 0.3515625 0.01171875 0.0484375
1 0.54609375 0.33125 0.00859375 0.034375
1 0.60625 0.33515625 0.01640625 0.0453125
1 0.61171875 0.33125 0.00703125 0.03203125
1 0.67265625 0.35234375 0.01875 0.059375
1 0.66640625 0.35 0.01796875 0.05859375
1 0.69140625 0.328125 0.01328125 0.0375
1 0.72421875 0.321875 0.0125 0.03203125
1 0.73828125 0.325 0.01640625 0.0328125
0 0.7390625 0.33671875 0.00390625 0.00546875
1 0.78671875 0.3296875 0.01640625 0.046875