1 0.11796875 0.409375 0.0296875 0.06796875
0 0.1359375 0.434375 0.00703125 0.009375
1 0.15390625 0.43828125 0.03046875 0.0890625
1 0.2015625 0.4828125 0.04921875 0.13828125
1 0.2234375 0.4125 0.03359375 0.06875
1 0.234375 0.4078125 0.0203125 0.0640625
1 0.34296875 0.4171875 0.03203125 0.09765625
1 0.34375 0.38203125 0.01875 0.05234375
1 0.546875 0.4640625 0.04296875 0.14140625
1 0.4890625 0.415625 0.028125 0.09609375
1 0.70078125 0.32109375 0.0109375 0.0359375
1 0.54765625 0.3578125 0.01328125 0.05703125