1 0.17265625 0.33125 0.0234375 0.15546875
1 0.346875 0.20546875 0.0125 0.06875
1 0.64921875 0.25078125 0.01171875 0.0671875
1 0.55859375 0.24375 0.01328125 0.06953125
1 0.478125 0.215625 0.0203125 0.06640625
1 0.43828125 0.184375 0.01328125 0.046875
1 0.61171875 0.22890625 0.0109375 0.0625
1 0.5078125 0.2109375 0.0171875 0.053125
0 0.5109375 0.22890625 0.00390625 0.00703125
1 0.521875 0.20234375 0.01328125 0.04375
1 0.5765625 0.21953125 0.0140625 0.05
1 0.59140625 0.19609375 0.00859375 0.0390625