1 0.17265625 0.3234375 0.0265625 0.14765625
1 0.35859375 0.20078125 0.0140625 0.06484375
1 0.440625 0.18203125 0.00859375 0.04375
1 0.46875 0.2 0.01875 0.05546875
0 0.48515625 0.2078125 0.003125 0.00625
1 0.4984375 0.20078125 0.0171875 0.04609375
1 0.49921875 0.19375 0.0109375 0.0421875
1 0.5203125 0.215625 0.01484375 0.06640625
1 0.55390625 0.21796875 0.00859375 0.059375
1 0.56640625 0.2390625 0.01484375 0.07265625
1 0.58828125 0.19609375 0.00859375 0.040625
1 0.61328125 0.24609375 0.0125 0.071875
1 0.62109375 0.23515625 0.0109375 0.05234375