1 0.06328125 0.3609375 0.03046875 0.1625
1 0.26328125 0.23046875 0.01328125 0.0859375
0 0.37421875 0.26875 0.0078125 0.0125
1 0.42578125 0.2421875 0.01640625 0.0796875
1 0.3859375 0.20546875 0.015625 0.065625
1 0.41484375 0.20859375 0.0140625 0.0625
1 0.45859375 0.22109375 0.01640625 0.0796875
1 0.5015625 0.22421875 0.0140625 0.065625
1 0.4984375 0.19609375 0.01171875 0.05078125
1 0.53828125 0.20234375 0.0109375 0.0515625
1 0.55625 0.27265625 0.01875 0.1
1 0.58671875 0.1953125 0.00859375 0.0375
1 0.625 0.22734375 0.01171875 0.06328125