0 0.5765625 0.5796875 0.0171875 0.0234375
1 0.5390625 0.50234375 0.05078125 0.16953125
1 0.6015625 0.42578125 0.03359375 0.11171875
1 0.7140625 0.4671875 0.04765625 0.15859375
1 0.6890625 0.384375 0.02421875 0.078125
1 0.515625 0.375 0.02109375 0.06171875
1 0.4828125 0.37109375 0.02109375 0.05859375
1 0.4921875 0.3640625 0.01953125 0.046875
1 0.471875 0.36015625 0.01328125 0.05078125
1 0.73984375 0.3625 0.021875 0.06875
1 0.6890625 0.32265625 0.01015625 0.0328125
1 0.29296875 0.396875 0.02578125 0.0671875