1 0.15234375 0.30859375 0.0328125 0.134375
1 0.365625 0.1921875 0.01328125 0.0578125
1 0.41875 0.18515625 0.01171875 0.04765625
1 0.43203125 0.1765625 0.0078125 0.04140625
1 0.44921875 0.1796875 0.0109375 0.03828125
0 0.459375 0.19375 0.003125 0.00625
1 0.4625 0.178125 0.009375 0.0359375
1 0.51640625 0.1984375 0.0109375 0.05390625
1 0.546875 0.21484375 0.01171875 0.05703125
1 0.55703125 0.225 0.01015625 0.06484375
1 0.55703125 0.22109375 0.01328125 0.0578125
1 0.57890625 0.19296875 0.00625 0.03984375
1 0.60390625 0.2078125 0.01015625 0.04921875